 2.00000000e+000 1.00000000e-002 8.85062431e+004 3.00751880e-001
 3.00000000e+000 1.00000000e-002 9.05078964e+004 6.76691729e-001
 4.00000000e+000 1.00000000e-002 8.96489863e+004 3.00751880e-001
 5.00000000e+000 1.00000000e-002 9.06897637e+004 4.51127820e-001
 6.00000000e+000 1.00000000e-002 9.04930421e+004 2.25563910e-001
 7.00000000e+000 1.00000000e-002 9.11054406e+004 3.75939850e-001
 8.00000000e+000 1.00000000e-002 9.11291872e+004 7.51879699e-002
 9.00000000e+000 1.00000000e-002 9.18349270e+004 3.75939850e-001
 1.00000000e+001 1.00000000e-002 8.91952140e+004 2.25563910e-001
 1.10000000e+001 1.00000000e-002 9.10367850e+004 5.26315789e-001
 1.20000000e+001 1.00000000e-002 9.06960046e+004 3.00751880e-001
 1.30000000e+001 1.00000000e-002 9.22638061e+004 5.26315789e-001
 1.40000000e+001 1.00000000e-002 9.12035701e+004 3.00751880e-001
 1.50000000e+001 1.00000000e-002 9.00659427e+004 6.76691729e-001
 1.60000000e+001 1.00000000e-002 9.03011250e+004 6.01503759e-001
 1.70000000e+001 1.00000000e-002 9.10700242e+004 2.25563910e-001
 1.80000000e+001 1.00000000e-002 9.10053904e+004 3.75939850e-001
 1.90000000e+001 1.00000000e-002 9.06924255e+004 2.25563910e-001
 2.00000000e+001 1.00000000e-002 9.14793417e+004 3.00751880e-001
 2.10000000e+001 1.00000000e-002 8.94661718e+004 1.50375940e-001
 2.20000000e+001 1.00000000e-002 8.93098511e+004 1.50375940e-001
 2.30000000e+001 1.00000000e-002 8.92992213e+004 3.75939850e-001
 2.40000000e+001 1.00000000e-002 9.07585635e+004 4.51127820e-001
 2.50000000e+001 1.00000000e-002 9.05904712e+004 3.75939850e-001
 2.60000000e+001 1.00000000e-002 9.18875923e+004 2.25563910e-001
 2.70000000e+001 1.00000000e-002 9.18642052e+004 3.00751880e-001
 2.80000000e+001 1.00000000e-002 9.12191586e+004 3.00751880e-001
 2.90000000e+001 1.00000000e-002 9.12454581e+004 5.26315789e-001
