 2.00000000e+000 6.19000000e+002 7.88721805e+001
 3.00000000e+000 9.88666667e+002 7.33082707e+001
 4.00000000e+000 1.29850000e+003 6.44360902e+001
 5.00000000e+000 1.59000000e+003 6.18045113e+001
 6.00000000e+000 1.85066667e+003 5.55639098e+001
 7.00000000e+000 2.04142857e+003 5.19548872e+001
 8.00000000e+000 2.18750000e+003 5.06766917e+001
 9.00000000e+000 2.39529167e+003 4.80451128e+001
 1.00000000e+001 2.56960000e+003 4.77443609e+001
 1.10000000e+001 2.73907359e+003 4.39097744e+001
 1.20000000e+001 2.92177273e+003 4.43609023e+001
 1.30000000e+001 2.96016290e+003 4.14285714e+001
 1.40000000e+001 3.12971429e+003 3.96240602e+001
 1.50000000e+001 3.23928000e+003 4.08270677e+001
 1.60000000e+001 3.44436111e+003 3.57894737e+001
 1.70000000e+001 3.49614006e+003 3.61654135e+001
 1.80000000e+001 3.81714379e+003 3.09022556e+001
 1.90000000e+001 3.69473684e+003 3.58646617e+001
 2.00000000e+001 3.79756667e+003 3.45864662e+001
 2.10000000e+001 4.15061905e+003 3.08270677e+001
 2.20000000e+001 3.97222727e+003 3.31578947e+001
 2.30000000e+001 4.35679917e+003 2.54887218e+001
 2.40000000e+001 4.20665196e+003 2.82706767e+001
 2.50000000e+001 4.45024000e+003 2.74436090e+001
 2.60000000e+001 4.33577949e+003 2.92481203e+001
 2.70000000e+001 4.58023747e+003 2.57142857e+001
 2.80000000e+001 4.63797619e+003 2.39097744e+001
 2.90000000e+001 4.72156322e+003 2.38345865e+001
 3.00000000e+001 4.82455000e+003 2.33834586e+001
 3.10000000e+001 4.94286605e+003 2.08270677e+001
 3.20000000e+001 4.90661000e+003 2.52631579e+001
 3.30000000e+001 5.04767160e+003 2.24060150e+001
 3.40000000e+001 5.12013003e+003 2.15037594e+001
 3.50000000e+001 5.14560000e+003 2.21804511e+001
 3.60000000e+001 5.30377460e+003 2.04511278e+001
 3.70000000e+001 5.43183483e+003 1.96240602e+001
 3.80000000e+001 5.52878947e+003 1.90225564e+001
 3.90000000e+001 5.66269648e+003 2.03759398e+001
 4.00000000e+001 5.71431000e+003 1.81954887e+001
 4.10000000e+001 5.81732121e+003 1.48120301e+001
 4.20000000e+001 5.65326667e+003 1.63157895e+001
 4.30000000e+001 5.82787335e+003 1.57142857e+001
 4.40000000e+001 5.76816835e+003 1.54135338e+001
 4.50000000e+001 5.94128254e+003 1.36842105e+001
 4.60000000e+001 5.93478854e+003 1.43609023e+001
 4.70000000e+001 6.25665295e+003 1.62406015e+001
 4.80000000e+001 6.32418191e+003 1.19548872e+001
 4.90000000e+001 6.17905612e+003 1.55639098e+001
 5.00000000e+001 6.26294000e+003 1.33834586e+001
 5.10000000e+001 6.23381747e+003 1.37593985e+001
 5.20000000e+001 6.30446154e+003 1.23308271e+001
 5.30000000e+001 6.34571633e+003 1.38345865e+001
 5.40000000e+001 6.56142845e+003 1.27067669e+001
 5.50000000e+001 6.58457063e+003 1.23308271e+001
 5.60000000e+001 6.67396939e+003 1.37593985e+001
 5.70000000e+001 6.63330702e+003 1.43609023e+001
 5.80000000e+001 6.87326232e+003 1.09022556e+001
 5.90000000e+001 6.81139430e+003 1.01503759e+001
 6.00000000e+001 6.71000476e+003 1.28571429e+001
 6.10000000e+001 6.91725127e+003 9.84962406e+000
 6.20000000e+001 6.95440072e+003 1.05263158e+001
 6.30000000e+001 6.91475556e+003 1.27819549e+001
 6.40000000e+001 7.01433772e+003 1.13533835e+001
 6.50000000e+001 7.12591417e+003 1.06766917e+001
 6.60000000e+001 7.13548485e+003 1.18045113e+001
 6.70000000e+001 7.14618849e+003 1.16541353e+001
 6.80000000e+001 7.24251942e+003 1.10526316e+001
 6.90000000e+001 7.09898748e+003 1.42105263e+001
 7.00000000e+001 7.21931429e+003 9.09774436e+000
 7.10000000e+001 7.29622604e+003 1.16541353e+001
 7.20000000e+001 7.35480294e+003 1.10526316e+001
 7.30000000e+001 7.43368878e+003 1.07518797e+001
 7.40000000e+001 7.50984006e+003 1.12781955e+001
 7.50000000e+001 7.54075385e+003 1.25563910e+001
 7.60000000e+001 7.55414035e+003 1.11278195e+001
 7.70000000e+001 7.86323562e+003 8.79699248e+000
 7.80000000e+001 7.88905566e+003 8.79699248e+000
 7.90000000e+001 8.05184426e+003 7.81954887e+000
 8.00000000e+001 8.04967500e+003 6.46616541e+000
 8.10000000e+001 7.93778529e+003 9.24812030e+000
 8.20000000e+001 8.10294293e+003 5.63909774e+000
 8.30000000e+001 8.12017860e+003 7.81954887e+000
 8.40000000e+001 8.25145887e+003 9.09774436e+000
 8.50000000e+001 8.22159832e+003 9.09774436e+000
 8.60000000e+001 8.18922444e+003 9.32330827e+000
 8.70000000e+001 8.18182348e+003 9.32330827e+000
 8.80000000e+001 8.24097356e+003 8.79699248e+000
 8.90000000e+001 8.54639982e+003 8.42105263e+000
 9.00000000e+001 8.56393611e+003 8.42105263e+000
 9.10000000e+001 8.61691680e+003 7.96992481e+000
 9.20000000e+001 8.66164763e+003 7.81954887e+000
 9.30000000e+001 8.57383542e+003 7.74436090e+000
 9.40000000e+001 8.59161742e+003 7.89473684e+000
 9.50000000e+001 8.57444211e+003 8.27067669e+000
 9.60000000e+001 8.76798572e+003 7.44360902e+000
 9.70000000e+001 8.75498770e+003 7.51879699e+000
 9.80000000e+001 8.86137106e+003 7.36842105e+000
 9.90000000e+001 8.85657135e+003 7.36842105e+000
 1.00000000e+002 8.90504615e+003 7.21804511e+000
