 2.00000000e+000 1.00000000e-002 5.86915920e+004 2.31481481e-001
 3.00000000e+000 1.00000000e-002 5.81683911e+004 6.94444444e-001
 4.00000000e+000 1.00000000e-002 5.89931106e+004 4.62962963e-001
 5.00000000e+000 1.00000000e-002 6.02637069e+004 6.94444444e-001
 6.00000000e+000 1.00000000e-002 5.79321558e+004 1.04166667e+000
 7.00000000e+000 1.00000000e-002 5.89946196e+004 3.47222222e-001
 8.00000000e+000 1.00000000e-002 5.92929246e+004 2.31481481e-001
 9.00000000e+000 1.00000000e-002 6.03177919e+004 4.62962963e-001
 1.00000000e+001 1.00000000e-002 6.02954766e+004 5.78703704e-001
 1.10000000e+001 1.00000000e-002 5.93138751e+004 6.94444444e-001
 1.20000000e+001 1.00000000e-002 5.89232293e+004 3.47222222e-001
 1.30000000e+001 1.00000000e-002 6.05472247e+004 2.31481481e-001
 1.40000000e+001 1.00000000e-002 5.99506007e+004 1.15740741e-001
 1.50000000e+001 1.00000000e-002 5.92643700e+004 2.31481481e-001
 1.60000000e+001 1.00000000e-002 5.91821771e+004 3.47222222e-001
 1.70000000e+001 1.00000000e-002 5.86422495e+004 0.00000000e+000
 1.80000000e+001 1.00000000e-002 5.89996292e+004 2.31481481e-001
 1.90000000e+001 1.00000000e-002 5.84847055e+004 4.62962963e-001
 2.00000000e+001 1.00000000e-002 5.96591082e+004 4.62962963e-001
 2.10000000e+001 1.00000000e-002 5.92381065e+004 2.31481481e-001
 2.20000000e+001 1.00000000e-002 5.95330694e+004 2.31481481e-001
 2.30000000e+001 1.00000000e-002 6.08496678e+004 8.10185185e-001
 2.40000000e+001 1.00000000e-002 5.95677058e+004 2.31481481e-001
 2.50000000e+001 1.00000000e-002 6.03393246e+004 3.47222222e-001
 2.60000000e+001 1.00000000e-002 5.83552013e+004 3.47222222e-001
 2.70000000e+001 1.00000000e-002 5.83006645e+004 0.00000000e+000
 2.80000000e+001 1.00000000e-002 5.92801349e+004 3.47222222e-001
 2.90000000e+001 1.00000000e-002 6.03697581e+004 2.31481481e-001
 3.00000000e+001 1.00000000e-002 6.08430231e+004 4.62962963e-001
 3.10000000e+001 1.00000000e-002 6.03063818e+004 1.15740741e-001
 3.20000000e+001 1.00000000e-002 6.04047890e+004 3.47222222e-001
 3.30000000e+001 1.00000000e-002 6.11003137e+004 1.15740741e-001
 3.40000000e+001 1.00000000e-002 5.97562157e+004 3.47222222e-001
 3.50000000e+001 1.00000000e-002 6.01500873e+004 1.15740741e-001
 3.60000000e+001 1.00000000e-002 5.98232815e+004 4.62962963e-001
 3.70000000e+001 1.00000000e-002 5.95290866e+004 4.62962963e-001
 3.80000000e+001 1.00000000e-002 6.08185474e+004 4.62962963e-001
 3.90000000e+001 1.00000000e-002 5.96042257e+004 4.62962963e-001
 4.00000000e+001 1.00000000e-002 6.09939343e+004 2.31481481e-001
 4.10000000e+001 1.00000000e-002 6.03724375e+004 1.15740741e-001
 4.20000000e+001 1.00000000e-002 6.10645748e+004 3.47222222e-001
 4.30000000e+001 1.00000000e-002 6.02085689e+004 6.94444444e-001
 4.40000000e+001 1.00000000e-002 5.98908510e+004 5.78703704e-001
 4.50000000e+001 1.00000000e-002 5.93119863e+004 1.15740741e-001
 4.60000000e+001 1.00000000e-002 6.17757727e+004 2.31481481e-001
 4.70000000e+001 1.00000000e-002 5.98943003e+004 1.15740741e-001
 4.80000000e+001 1.00000000e-002 6.05640192e+004 3.47222222e-001
 4.90000000e+001 1.00000000e-002 5.98574898e+004 4.62962963e-001
 5.00000000e+001 1.00000000e-002 6.10828249e+004 1.15740741e-001
 5.10000000e+001 1.00000000e-002 5.96762320e+004 3.47222222e-001
 5.20000000e+001 1.00000000e-002 5.95791024e+004 3.47222222e-001
 5.30000000e+001 1.00000000e-002 5.95308826e+004 8.10185185e-001
 5.40000000e+001 1.00000000e-002 6.03501226e+004 3.47222222e-001
 5.50000000e+001 1.00000000e-002 6.01384582e+004 4.62962963e-001
 5.60000000e+001 1.00000000e-002 6.06751380e+004 2.31481481e-001
 5.70000000e+001 1.00000000e-002 5.92520460e+004 2.31481481e-001
 5.80000000e+001 1.00000000e-002 6.23655240e+004 1.15740741e-001
 5.90000000e+001 1.00000000e-002 6.12271327e+004 5.78703704e-001
 6.00000000e+001 1.00000000e-002 6.07958429e+004 3.47222222e-001
 6.10000000e+001 1.00000000e-002 6.27130730e+004 2.31481481e-001
 6.20000000e+001 1.00000000e-002 6.18544446e+004 1.15740741e-001
 6.30000000e+001 1.00000000e-002 6.10110808e+004 5.78703704e-001
 6.40000000e+001 1.00000000e-002 5.98253013e+004 2.31481481e-001
 6.50000000e+001 1.00000000e-002 6.06167807e+004 4.62962963e-001
 6.60000000e+001 1.00000000e-002 6.02083867e+004 2.31481481e-001
 6.70000000e+001 1.00000000e-002 6.23678444e+004 4.62962963e-001
 6.80000000e+001 1.00000000e-002 6.10847600e+004 2.31481481e-001
 6.90000000e+001 1.00000000e-002 6.23737097e+004 1.15740741e-001
 7.00000000e+001 1.00000000e-002 6.06101420e+004 2.31481481e-001
 7.10000000e+001 1.00000000e-002 6.03294907e+004 2.31481481e-001
 7.20000000e+001 1.00000000e-002 6.08096188e+004 5.78703704e-001
 7.30000000e+001 1.00000000e-002 6.27170340e+004 3.47222222e-001
 7.40000000e+001 1.00000000e-002 6.16422081e+004 3.47222222e-001
 7.50000000e+001 1.00000000e-002 5.94028549e+004 8.10185185e-001
 7.60000000e+001 1.00000000e-002 6.19474742e+004 5.78703704e-001
 7.70000000e+001 1.00000000e-002 6.06694429e+004 1.15740741e-001
 7.80000000e+001 1.00000000e-002 6.11186001e+004 4.62962963e-001
 7.90000000e+001 1.00000000e-002 6.31350001e+004 3.47222222e-001
 8.00000000e+001 1.00000000e-002 6.30537266e+004 1.15740741e-001
 8.10000000e+001 1.00000000e-002 6.00658040e+004 2.31481481e-001
 8.20000000e+001 1.00000000e-002 6.11590231e+004 2.31481481e-001
 8.30000000e+001 1.00000000e-002 6.07536918e+004 3.47222222e-001
 8.40000000e+001 1.00000000e-002 6.05508790e+004 3.47222222e-001
 8.50000000e+001 1.00000000e-002 6.24369064e+004 4.62962963e-001
 8.60000000e+001 1.00000000e-002 6.02973762e+004 5.78703704e-001
 8.70000000e+001 1.00000000e-002 6.17581882e+004 5.78703704e-001
 8.80000000e+001 1.00000000e-002 6.32335915e+004 3.47222222e-001
 8.90000000e+001 1.00000000e-002 6.16977062e+004 2.31481481e-001
 9.00000000e+001 1.00000000e-002 6.06643078e+004 3.47222222e-001
 9.10000000e+001 1.00000000e-002 6.08804694e+004 3.47222222e-001
 9.20000000e+001 1.00000000e-002 6.35456574e+004 3.47222222e-001
 9.30000000e+001 1.00000000e-002 6.13011511e+004 2.31481481e-001
 9.40000000e+001 1.00000000e-002 6.01955499e+004 4.62962963e-001
 9.50000000e+001 1.00000000e-002 6.06658862e+004 3.47222222e-001
 9.60000000e+001 1.00000000e-002 6.12028523e+004 4.62962963e-001
 9.70000000e+001 1.00000000e-002 6.28118285e+004 4.62962963e-001
 9.80000000e+001 1.00000000e-002 6.30334934e+004 1.15740741e-001
 9.90000000e+001 1.00000000e-002 6.28615485e+004 5.78703704e-001
 1.00000000e+002 1.00000000e-002 6.23585712e+004 4.62962963e-001
 2.00000000e+000 1.00000000e-001 5.73348546e+004 4.62962963e-001
 3.00000000e+000 1.00000000e-001 5.75371892e+004 3.47222222e-001
 4.00000000e+000 1.00000000e-001 5.69589879e+004 3.47222222e-001
 5.00000000e+000 1.00000000e-001 5.92618440e+004 4.62962963e-001
 6.00000000e+000 1.00000000e-001 5.80062989e+004 5.78703704e-001
 7.00000000e+000 1.00000000e-001 5.76299545e+004 5.78703704e-001
 8.00000000e+000 1.00000000e-001 5.84922801e+004 1.15740741e-001
 9.00000000e+000 1.00000000e-001 5.77533405e+004 2.31481481e-001
 1.00000000e+001 1.00000000e-001 5.83328617e+004 6.94444444e-001
 1.10000000e+001 1.00000000e-001 5.81324734e+004 3.47222222e-001
 1.20000000e+001 1.00000000e-001 5.69167608e+004 3.47222222e-001
 1.30000000e+001 1.00000000e-001 5.89709231e+004 2.31481481e-001
 1.40000000e+001 1.00000000e-001 5.77828264e+004 2.31481481e-001
 1.50000000e+001 1.00000000e-001 5.98712126e+004 3.47222222e-001
 1.60000000e+001 1.00000000e-001 5.89000034e+004 2.31481481e-001
 1.70000000e+001 1.00000000e-001 5.95766572e+004 4.62962963e-001
 1.80000000e+001 1.00000000e-001 5.82004651e+004 5.78703704e-001
 1.90000000e+001 1.00000000e-001 5.74283707e+004 3.47222222e-001
 2.00000000e+001 1.00000000e-001 5.86171924e+004 6.94444444e-001
 2.10000000e+001 1.00000000e-001 5.84199705e+004 3.47222222e-001
 2.20000000e+001 1.00000000e-001 5.89992993e+004 1.15740741e-001
 2.30000000e+001 1.00000000e-001 5.92877353e+004 1.15740741e-001
 2.40000000e+001 1.00000000e-001 5.92583618e+004 5.78703704e-001
 2.50000000e+001 1.00000000e-001 5.78343985e+004 4.62962963e-001
 2.60000000e+001 1.00000000e-001 5.85530246e+004 1.15740741e-001
 2.70000000e+001 1.00000000e-001 6.06687276e+004 3.47222222e-001
 2.80000000e+001 1.00000000e-001 5.79433203e+004 2.31481481e-001
 2.90000000e+001 1.00000000e-001 5.98306082e+004 3.47222222e-001
 3.00000000e+001 1.00000000e-001 5.86844183e+004 1.15740741e-001
 3.10000000e+001 1.00000000e-001 5.77002979e+004 3.47222222e-001
 3.20000000e+001 1.00000000e-001 5.71484529e+004 2.31481481e-001
 3.30000000e+001 1.00000000e-001 5.94949357e+004 2.31481481e-001
 3.40000000e+001 1.00000000e-001 5.99435598e+004 2.31481481e-001
 3.50000000e+001 1.00000000e-001 6.00036304e+004 1.15740741e-001
 3.60000000e+001 1.00000000e-001 5.64400013e+004 5.78703704e-001
 3.70000000e+001 1.00000000e-001 5.76385801e+004 4.62962963e-001
 3.80000000e+001 1.00000000e-001 6.03559409e+004 5.78703704e-001
 3.90000000e+001 1.00000000e-001 5.86429483e+004 2.31481481e-001
 4.00000000e+001 1.00000000e-001 6.06074004e+004 4.62962963e-001
 4.10000000e+001 1.00000000e-001 5.89441750e+004 0.00000000e+000
 4.20000000e+001 1.00000000e-001 5.97188905e+004 0.00000000e+000
 4.30000000e+001 1.00000000e-001 5.90788300e+004 5.78703704e-001
 4.40000000e+001 1.00000000e-001 5.99320492e+004 4.62962963e-001
 4.50000000e+001 1.00000000e-001 5.89164042e+004 1.15740741e-001
 4.60000000e+001 1.00000000e-001 6.11922434e+004 2.31481481e-001
 4.70000000e+001 1.00000000e-001 5.91007127e+004 5.78703704e-001
 4.80000000e+001 1.00000000e-001 5.99861851e+004 6.94444444e-001
 4.90000000e+001 1.00000000e-001 5.92029260e+004 6.94444444e-001
 5.00000000e+001 1.00000000e-001 5.87191294e+004 4.62962963e-001
 5.10000000e+001 1.00000000e-001 5.99869645e+004 8.10185185e-001
 5.20000000e+001 1.00000000e-001 5.94714696e+004 1.15740741e-001
 5.30000000e+001 1.00000000e-001 6.07242518e+004 9.25925926e-001
 5.40000000e+001 1.00000000e-001 5.99545707e+004 6.94444444e-001
 5.50000000e+001 1.00000000e-001 5.97093512e+004 4.62962963e-001
 5.60000000e+001 1.00000000e-001 5.99944394e+004 1.15740741e-001
 5.70000000e+001 1.00000000e-001 5.82555085e+004 3.47222222e-001
 5.80000000e+001 1.00000000e-001 5.98191570e+004 4.62962963e-001
 5.90000000e+001 1.00000000e-001 6.01583329e+004 0.00000000e+000
 6.00000000e+001 1.00000000e-001 6.03769399e+004 3.47222222e-001
 6.10000000e+001 1.00000000e-001 6.13050780e+004 6.94444444e-001
 6.20000000e+001 1.00000000e-001 6.13219770e+004 4.62962963e-001
 6.30000000e+001 1.00000000e-001 5.98699251e+004 4.62962963e-001
 6.40000000e+001 1.00000000e-001 6.07807736e+004 4.62962963e-001
 6.50000000e+001 1.00000000e-001 6.10571963e+004 2.31481481e-001
 6.60000000e+001 1.00000000e-001 6.00557507e+004 2.31481481e-001
 6.70000000e+001 1.00000000e-001 6.03289051e+004 4.62962963e-001
 6.80000000e+001 1.00000000e-001 6.10124345e+004 3.47222222e-001
 6.90000000e+001 1.00000000e-001 5.98745225e+004 5.78703704e-001
 7.00000000e+001 1.00000000e-001 6.13782844e+004 2.31481481e-001
 7.10000000e+001 1.00000000e-001 6.09891132e+004 2.31481481e-001
 7.20000000e+001 1.00000000e-001 5.81076590e+004 5.78703704e-001
 7.30000000e+001 1.00000000e-001 6.03934808e+004 2.31481481e-001
 7.40000000e+001 1.00000000e-001 6.11718252e+004 5.78703704e-001
 7.50000000e+001 1.00000000e-001 5.99151670e+004 2.31481481e-001
 7.60000000e+001 1.00000000e-001 5.99410679e+004 5.78703704e-001
 7.70000000e+001 1.00000000e-001 6.12640287e+004 3.47222222e-001
 7.80000000e+001 1.00000000e-001 5.97957952e+004 5.78703704e-001
 7.90000000e+001 1.00000000e-001 6.24763995e+004 5.78703704e-001
 8.00000000e+001 1.00000000e-001 6.30714706e+004 4.62962963e-001
 8.10000000e+001 1.00000000e-001 6.15899888e+004 1.15740741e-001
 8.20000000e+001 1.00000000e-001 6.05832426e+004 2.31481481e-001
 8.30000000e+001 1.00000000e-001 6.16421216e+004 2.31481481e-001
 8.40000000e+001 1.00000000e-001 6.04813562e+004 5.78703704e-001
 8.50000000e+001 1.00000000e-001 5.91983316e+004 3.47222222e-001
 8.60000000e+001 1.00000000e-001 5.91003403e+004 2.31481481e-001
 8.70000000e+001 1.00000000e-001 6.05602137e+004 8.10185185e-001
 8.80000000e+001 1.00000000e-001 5.93767063e+004 2.31481481e-001
 8.90000000e+001 1.00000000e-001 6.12431651e+004 5.78703704e-001
 9.00000000e+001 1.00000000e-001 6.11133537e+004 1.15740741e-001
 9.10000000e+001 1.00000000e-001 6.11603095e+004 3.47222222e-001
 9.20000000e+001 1.00000000e-001 6.10332925e+004 3.47222222e-001
 9.30000000e+001 1.00000000e-001 6.00827678e+004 4.62962963e-001
 9.40000000e+001 1.00000000e-001 6.08404609e+004 3.47222222e-001
 9.50000000e+001 1.00000000e-001 5.98680766e+004 2.31481481e-001
 9.60000000e+001 1.00000000e-001 5.91461456e+004 4.62962963e-001
 9.70000000e+001 1.00000000e-001 6.22328104e+004 4.62962963e-001
 9.80000000e+001 1.00000000e-001 6.12150451e+004 4.62962963e-001
 9.90000000e+001 1.00000000e-001 6.44005204e+004 1.15740741e-001
 1.00000000e+002 1.00000000e-001 6.05902525e+004 3.47222222e-001
 2.00000000e+000 1.00000000e+000 4.94377192e+004 2.31481481e-001
 3.00000000e+000 1.00000000e+000 4.87783376e+004 4.62962963e-001
 4.00000000e+000 1.00000000e+000 4.92048025e+004 3.47222222e-001
 5.00000000e+000 1.00000000e+000 5.07046701e+004 5.78703704e-001
 6.00000000e+000 1.00000000e+000 5.00776222e+004 5.78703704e-001
 7.00000000e+000 1.00000000e+000 4.89572773e+004 1.15740741e-001
 8.00000000e+000 1.00000000e+000 5.00844475e+004 4.62962963e-001
 9.00000000e+000 1.00000000e+000 4.93655677e+004 4.62962963e-001
 1.00000000e+001 1.00000000e+000 5.00913179e+004 3.47222222e-001
 1.10000000e+001 1.00000000e+000 5.09574881e+004 3.47222222e-001
 1.20000000e+001 1.00000000e+000 5.08031191e+004 2.31481481e-001
 1.30000000e+001 1.00000000e+000 4.89351511e+004 2.31481481e-001
 1.40000000e+001 1.00000000e+000 4.83680522e+004 3.47222222e-001
