 2.00000000e+000 1.00000000e-002 1.00311781e+008 0.00000000e+000
 3.00000000e+000 1.00000000e-002 1.00316292e+008 0.00000000e+000
 4.00000000e+000 1.00000000e-002 1.00306495e+008 0.00000000e+000
 5.00000000e+000 1.00000000e-002 1.00307106e+008 0.00000000e+000
 6.00000000e+000 1.00000000e-002 1.00286398e+008 0.00000000e+000
 7.00000000e+000 1.00000000e-002 1.00288352e+008 0.00000000e+000
 8.00000000e+000 1.00000000e-002 1.00318644e+008 0.00000000e+000
 9.00000000e+000 1.00000000e-002 1.00380596e+008 0.00000000e+000
 1.00000000e+001 1.00000000e-002 1.00287667e+008 0.00000000e+000
 1.10000000e+001 1.00000000e-002 1.00154858e+008 0.00000000e+000
 1.20000000e+001 1.00000000e-002 1.00313443e+008 0.00000000e+000
 1.30000000e+001 1.00000000e-002 1.00254105e+008 0.00000000e+000
