 2.00000000e+000 5.52710000e+005 0.00000000e+000
 3.00000000e+000 8.53604667e+005 0.00000000e+000
 4.00000000e+000 1.24810400e+006 0.00000000e+000
 5.00000000e+000 1.39577018e+006 0.00000000e+000
 6.00000000e+000 1.68388367e+006 0.00000000e+000
 7.00000000e+000 1.95248486e+006 0.00000000e+000
 8.00000000e+000 2.11261400e+006 0.00000000e+000
 9.00000000e+000 2.26569956e+006 0.00000000e+000
 1.00000000e+001 2.46456829e+006 0.00000000e+000
 1.10000000e+001 2.72535337e+006 0.00000000e+000
 1.20000000e+001 2.87431017e+006 0.00000000e+000
 1.30000000e+001 3.09644369e+006 0.00000000e+000
 1.40000000e+001 3.23684614e+006 0.00000000e+000
 1.50000000e+001 3.42724120e+006 0.00000000e+000
 1.60000000e+001 3.56230812e+006 0.00000000e+000
 1.70000000e+001 3.70737405e+006 0.00000000e+000
 1.80000000e+001 3.83063267e+006 0.00000000e+000
 1.90000000e+001 4.04881037e+006 0.00000000e+000
 2.00000000e+001 4.06096700e+006 0.00000000e+000
 2.10000000e+001 4.20470924e+006 0.00000000e+000
 2.20000000e+001 4.42175600e+006 0.00000000e+000
 2.30000000e+001 4.60846941e+006 0.00000000e+000
 2.40000000e+001 4.80780033e+006 0.00000000e+000
 2.50000000e+001 4.94772129e+006 0.00000000e+000
 2.60000000e+001 4.99425942e+006 0.00000000e+000
 2.70000000e+001 5.23443148e+006 0.00000000e+000
 2.80000000e+001 5.43054074e+006 0.00000000e+000
 2.90000000e+001 5.62911402e+006 0.00000000e+000
 3.00000000e+001 5.74465509e+006 0.00000000e+000
 3.10000000e+001 5.91793745e+006 0.00000000e+000
 3.20000000e+001 6.03584581e+006 0.00000000e+000
 3.30000000e+001 6.23054005e+006 0.00000000e+000
 3.40000000e+001 6.40940583e+006 0.00000000e+000
 3.50000000e+001 6.57356025e+006 0.00000000e+000
 3.60000000e+001 6.55444928e+006 0.00000000e+000
 3.70000000e+001 6.70315278e+006 0.00000000e+000
 3.80000000e+001 6.89522310e+006 0.00000000e+000
 3.90000000e+001 6.92384195e+006 0.00000000e+000
 4.00000000e+001 7.10014780e+006 0.00000000e+000
 4.10000000e+001 7.10817539e+006 0.00000000e+000
 4.20000000e+001 7.30698415e+006 0.00000000e+000
 4.30000000e+001 7.38244285e+006 0.00000000e+000
 4.40000000e+001 7.62552436e+006 0.00000000e+000
 4.50000000e+001 7.64502254e+006 0.00000000e+000
 4.60000000e+001 7.88021978e+006 0.00000000e+000
 4.70000000e+001 7.89973582e+006 0.00000000e+000
 4.80000000e+001 7.97934196e+006 0.00000000e+000
 4.90000000e+001 8.28768029e+006 0.00000000e+000
 5.00000000e+001 8.36090164e+006 0.00000000e+000
 5.10000000e+001 8.67435113e+006 0.00000000e+000
 5.20000000e+001 8.71194652e+006 0.00000000e+000
 5.30000000e+001 8.78228249e+006 0.00000000e+000
 5.40000000e+001 8.90790152e+006 0.00000000e+000
 5.50000000e+001 9.34293071e+006 0.00000000e+000
 5.60000000e+001 9.37275061e+006 0.00000000e+000
 5.70000000e+001 9.41390295e+006 0.00000000e+000
 5.80000000e+001 9.76408189e+006 0.00000000e+000
 5.90000000e+001 9.74962040e+006 0.00000000e+000
 6.00000000e+001 9.76496960e+006 0.00000000e+000
 6.10000000e+001 9.82817192e+006 0.00000000e+000
 6.20000000e+001 1.03637848e+007 0.00000000e+000
 6.30000000e+001 1.03551232e+007 0.00000000e+000
 6.40000000e+001 1.03833666e+007 0.00000000e+000
 6.50000000e+001 1.04304844e+007 0.00000000e+000
 6.60000000e+001 1.04996150e+007 0.00000000e+000
 6.70000000e+001 1.09342142e+007 0.00000000e+000
 6.80000000e+001 1.09493916e+007 0.00000000e+000
 6.90000000e+001 1.09903349e+007 0.00000000e+000
 7.00000000e+001 1.10333449e+007 0.00000000e+000
 7.10000000e+001 1.10963619e+007 0.00000000e+000
 7.20000000e+001 1.11589967e+007 0.00000000e+000
 7.30000000e+001 1.17780993e+007 0.00000000e+000
 7.40000000e+001 1.17690554e+007 0.00000000e+000
 7.50000000e+001 1.17625351e+007 0.00000000e+000
 7.60000000e+001 1.17579710e+007 0.00000000e+000
 7.70000000e+001 1.17482487e+007 0.00000000e+000
 7.80000000e+001 1.17494794e+007 0.00000000e+000
 7.90000000e+001 1.22716357e+007 0.00000000e+000
 8.00000000e+001 1.22660223e+007 0.00000000e+000
 8.10000000e+001 1.22545647e+007 0.00000000e+000
 8.20000000e+001 1.22443512e+007 0.00000000e+000
 8.30000000e+001 1.22434676e+007 0.00000000e+000
 8.40000000e+001 1.22655132e+007 0.00000000e+000
 8.50000000e+001 1.23145691e+007 0.00000000e+000
 8.60000000e+001 1.23787035e+007 0.00000000e+000
 8.70000000e+001 1.32992629e+007 0.00000000e+000
 8.80000000e+001 1.32893330e+007 0.00000000e+000
 8.90000000e+001 1.32904680e+007 0.00000000e+000
 9.00000000e+001 1.33070843e+007 0.00000000e+000
 9.10000000e+001 1.33367844e+007 0.00000000e+000
 9.20000000e+001 1.33899859e+007 0.00000000e+000
 9.30000000e+001 1.34467063e+007 0.00000000e+000
 9.40000000e+001 1.35201321e+007 0.00000000e+000
 9.50000000e+001 1.35975878e+007 0.00000000e+000
 9.60000000e+001 1.36883238e+007 0.00000000e+000
 9.70000000e+001 1.44707833e+007 0.00000000e+000
 9.80000000e+001 1.45028855e+007 0.00000000e+000
 9.90000000e+001 1.45396425e+007 0.00000000e+000
 1.00000000e+002 1.45770158e+007 0.00000000e+000
