 2.00000000e+000 1.00000000e-002 2.71800000e+003 5.78703704e-001
 3.00000000e+000 1.00000000e-002 3.65066667e+003 5.78703704e-001
 4.00000000e+000 1.00000000e-002 4.14700000e+003 6.94444444e-001
 5.00000000e+000 1.00000000e-002 4.46031111e+003 3.47222222e-001
 6.00000000e+000 1.00000000e-002 4.72700000e+003 5.78703704e-001
 7.00000000e+000 1.00000000e-002 4.88708571e+003 4.62962963e-001
 8.00000000e+000 1.00000000e-002 5.04725000e+003 6.94444444e-001
 9.00000000e+000 1.00000000e-002 5.17955556e+003 3.47222222e-001
 1.00000000e+001 1.00000000e-002 5.26551429e+003 3.47222222e-001
 1.10000000e+001 1.00000000e-002 5.38211765e+003 3.47222222e-001
 1.20000000e+001 1.00000000e-002 5.43133333e+003 1.04166667e+000
 1.30000000e+001 1.00000000e-002 5.28640486e+003 5.78703704e-001
 1.40000000e+001 1.00000000e-002 5.67695238e+003 3.47222222e-001
 1.50000000e+001 1.00000000e-002 5.46751667e+003 2.31481481e-001
 1.60000000e+001 1.00000000e-002 5.63512500e+003 4.62962963e-001
 1.70000000e+001 1.00000000e-002 5.61914991e+003 1.15740741e-001
 1.80000000e+001 1.00000000e-002 5.65600000e+003 2.31481481e-001
 1.90000000e+001 1.00000000e-002 5.68361278e+003 3.47222222e-001
 2.00000000e+001 1.00000000e-002 5.77846667e+003 3.47222222e-001
 2.10000000e+001 1.00000000e-002 5.73366667e+003 6.94444444e-001
 2.20000000e+001 1.00000000e-002 5.83125974e+003 3.47222222e-001
 2.30000000e+001 1.00000000e-002 5.83503865e+003 8.10185185e-001
 2.40000000e+001 1.00000000e-002 5.77266667e+003 4.62962963e-001
 2.50000000e+001 1.00000000e-002 5.86440821e+003 3.47222222e-001
 2.60000000e+001 1.00000000e-002 5.93057692e+003 8.10185185e-001
 2.70000000e+001 1.00000000e-002 6.01585185e+003 4.62962963e-001
 2.80000000e+001 1.00000000e-002 5.93361538e+003 3.47222222e-001
 2.90000000e+001 1.00000000e-002 5.93711804e+003 5.78703704e-001
 3.00000000e+001 1.00000000e-002 5.96120000e+003 8.10185185e-001
 3.10000000e+001 1.00000000e-002 5.98262291e+003 1.15740741e-001
 3.20000000e+001 1.00000000e-002 5.97018750e+003 3.47222222e-001
 3.30000000e+001 1.00000000e-002 6.01872727e+003 5.78703704e-001
 3.40000000e+001 1.00000000e-002 6.06879902e+003 8.10185185e-001
 3.50000000e+001 1.00000000e-002 6.13383051e+003 3.47222222e-001
 3.60000000e+001 1.00000000e-002 6.17016667e+003 5.78703704e-001
 3.70000000e+001 1.00000000e-002 6.18324757e+003 4.62962963e-001
 3.80000000e+001 1.00000000e-002 6.16794258e+003 4.62962963e-001
 3.90000000e+001 1.00000000e-002 6.12589744e+003 4.62962963e-001
 4.00000000e+001 1.00000000e-002 6.15390625e+003 4.62962963e-001
 4.10000000e+001 1.00000000e-002 6.09004767e+003 5.78703704e-001
 4.20000000e+001 1.00000000e-002 6.16087013e+003 3.47222222e-001
 4.30000000e+001 1.00000000e-002 6.20978723e+003 4.62962963e-001
 4.40000000e+001 1.00000000e-002 6.34595707e+003 2.31481481e-001
 4.50000000e+001 1.00000000e-002 6.37346667e+003 4.62962963e-001
 4.60000000e+001 1.00000000e-002 6.43515907e+003 8.10185185e-001
 4.70000000e+001 1.00000000e-002 6.49469394e+003 5.78703704e-001
 4.80000000e+001 1.00000000e-002 6.47541667e+003 4.62962963e-001
 4.90000000e+001 1.00000000e-002 6.52563827e+003 5.78703704e-001
 5.00000000e+001 1.00000000e-002 6.52506750e+003 3.47222222e-001
 5.10000000e+001 1.00000000e-002 6.65335235e+003 3.47222222e-001
 5.20000000e+001 1.00000000e-002 6.67872711e+003 6.94444444e-001
 5.30000000e+001 1.00000000e-002 6.66311075e+003 1.15740741e-001
 5.40000000e+001 1.00000000e-002 6.63925926e+003 6.94444444e-001
 5.50000000e+001 1.00000000e-002 6.71913230e+003 4.62962963e-001
 5.60000000e+001 1.00000000e-002 6.70866429e+003 2.31481481e-001
 5.70000000e+001 1.00000000e-002 6.65934290e+003 2.31481481e-001
 5.80000000e+001 1.00000000e-002 6.75541567e+003 5.78703704e-001
 5.90000000e+001 1.00000000e-002 6.76800944e+003 3.47222222e-001
 6.00000000e+001 1.00000000e-002 6.76402857e+003 5.78703704e-001
 6.10000000e+001 1.00000000e-002 6.77934842e+003 4.62962963e-001
 6.20000000e+001 1.00000000e-002 6.90806398e+003 4.62962963e-001
