Invalid Data as Metrics were those for Differntial Privacy and not those for MicroAggregation! 
2.00000000e+000 1.00000000e-002 6.29468805e+004 4.62962963e-001
 3.00000000e+000 1.00000000e-002 6.25322736e+004 1.15740741e-001
 4.00000000e+000 1.00000000e-002 6.26605904e+004 5.78703704e-001
 5.00000000e+000 1.00000000e-002 6.31984778e+004 4.62962963e-001
 6.00000000e+000 1.00000000e-002 6.18077787e+004 4.62962963e-001
 7.00000000e+000 1.00000000e-002 6.11706517e+004 5.78703704e-001
 8.00000000e+000 1.00000000e-002 6.29258403e+004 3.47222222e-001
 9.00000000e+000 1.00000000e-002 6.24376816e+004 4.62962963e-001
 1.00000000e+001 1.00000000e-002 6.25224391e+004 5.78703704e-001
 1.10000000e+001 1.00000000e-002 6.26295493e+004 1.15740741e-001
 1.20000000e+001 1.00000000e-002 6.26902677e+004 5.78703704e-001
 1.30000000e+001 1.00000000e-002 6.17664152e+004 1.15740741e-001
 1.40000000e+001 1.00000000e-002 6.18890162e+004 2.31481481e-001
 1.50000000e+001 1.00000000e-002 6.35208566e+004 2.31481481e-001
 1.60000000e+001 1.00000000e-002 6.34963821e+004 3.47222222e-001
 1.70000000e+001 1.00000000e-002 6.26532462e+004 5.78703704e-001
 1.80000000e+001 1.00000000e-002 6.31377214e+004 1.15740741e-001
 1.90000000e+001 1.00000000e-002 6.31767820e+004 3.47222222e-001
 2.00000000e+001 1.00000000e-002 6.31688151e+004 3.47222222e-001
 2.10000000e+001 1.00000000e-002 6.24360276e+004 8.10185185e-001
 2.20000000e+001 1.00000000e-002 6.30661363e+004 2.31481481e-001
 2.30000000e+001 1.00000000e-002 6.29683124e+004 3.47222222e-001
 2.40000000e+001 1.00000000e-002 6.33709727e+004 3.47222222e-001
 2.50000000e+001 1.00000000e-002 6.28993722e+004 4.62962963e-001
 2.60000000e+001 1.00000000e-002 6.21360676e+004 5.78703704e-001
 2.70000000e+001 1.00000000e-002 6.22104003e+004 4.62962963e-001
 2.80000000e+001 1.00000000e-002 6.48349373e+004 2.31481481e-001
 2.90000000e+001 1.00000000e-002 6.32188640e+004 4.62962963e-001
 3.00000000e+001 1.00000000e-002 6.19127592e+004 3.47222222e-001
 3.10000000e+001 1.00000000e-002 6.38369831e+004 2.31481481e-001
 3.20000000e+001 1.00000000e-002 6.22214927e+004 4.62962963e-001
 3.30000000e+001 1.00000000e-002 6.15323099e+004 4.62962963e-001
 3.40000000e+001 1.00000000e-002 6.22197023e+004 5.78703704e-001
 3.50000000e+001 1.00000000e-002 6.38508502e+004 5.78703704e-001
 3.60000000e+001 1.00000000e-002 6.28561480e+004 3.47222222e-001
 3.70000000e+001 1.00000000e-002 6.28437076e+004 2.31481481e-001
 3.80000000e+001 1.00000000e-002 6.25334722e+004 3.47222222e-001
 3.90000000e+001 1.00000000e-002 6.29555757e+004 4.62962963e-001
 4.00000000e+001 1.00000000e-002 6.41699134e+004 4.62962963e-001
 4.10000000e+001 1.00000000e-002 6.33378737e+004 4.62962963e-001
 4.20000000e+001 1.00000000e-002 6.42737139e+004 1.15740741e-001
 4.30000000e+001 1.00000000e-002 6.37298299e+004 5.78703704e-001
 4.40000000e+001 1.00000000e-002 6.36966633e+004 2.31481481e-001
 4.50000000e+001 1.00000000e-002 6.06881668e+004 5.78703704e-001
 4.60000000e+001 1.00000000e-002 6.41635998e+004 2.31481481e-001
 4.70000000e+001 1.00000000e-002 6.39551047e+004 5.78703704e-001
 4.80000000e+001 1.00000000e-002 6.33740707e+004 5.78703704e-001
 4.90000000e+001 1.00000000e-002 6.27024546e+004 6.94444444e-001
 5.00000000e+001 1.00000000e-002 6.44183933e+004 3.47222222e-001
 5.10000000e+001 1.00000000e-002 6.30189463e+004 3.47222222e-001
 5.20000000e+001 1.00000000e-002 6.49333685e+004 4.62962963e-001
 5.30000000e+001 1.00000000e-002 6.24901426e+004 1.15740741e-001
 5.40000000e+001 1.00000000e-002 6.21386601e+004 3.47222222e-001
 5.50000000e+001 1.00000000e-002 6.37486461e+004 4.62962963e-001
 5.60000000e+001 1.00000000e-002 6.38728107e+004 3.47222222e-001
 5.70000000e+001 1.00000000e-002 6.35842290e+004 2.31481481e-001
 5.80000000e+001 1.00000000e-002 6.44615211e+004 3.47222222e-001
 5.90000000e+001 1.00000000e-002 6.40483226e+004 1.15740741e-001
 6.00000000e+001 1.00000000e-002 6.29796322e+004 2.31481481e-001
 6.10000000e+001 1.00000000e-002 6.17536593e+004 3.47222222e-001
 6.20000000e+001 1.00000000e-002 6.38646178e+004 4.62962963e-001
 6.30000000e+001 1.00000000e-002 6.53876360e+004 4.62962963e-001
 6.40000000e+001 1.00000000e-002 6.33287704e+004 3.47222222e-001
 6.50000000e+001 1.00000000e-002 6.34962671e+004 5.78703704e-001
 6.60000000e+001 1.00000000e-002 6.31359043e+004 5.78703704e-001
 6.70000000e+001 1.00000000e-002 6.49555776e+004 3.47222222e-001
 6.80000000e+001 1.00000000e-002 6.42274804e+004 2.31481481e-001
 6.90000000e+001 1.00000000e-002 6.47171104e+004 1.15740741e-001
 7.00000000e+001 1.00000000e-002 6.47252712e+004 1.15740741e-001
 7.10000000e+001 1.00000000e-002 6.24326542e+004 0.00000000e+000
 7.20000000e+001 1.00000000e-002 6.41156952e+004 4.62962963e-001
 7.30000000e+001 1.00000000e-002 6.45970898e+004 0.00000000e+000
 7.40000000e+001 1.00000000e-002 6.52747887e+004 5.78703704e-001
 7.50000000e+001 1.00000000e-002 6.49074725e+004 2.31481481e-001
 7.60000000e+001 1.00000000e-002 6.38358391e+004 2.31481481e-001
 7.70000000e+001 1.00000000e-002 6.42999189e+004 3.47222222e-001
 7.80000000e+001 1.00000000e-002 6.42655693e+004 4.62962963e-001
 7.90000000e+001 1.00000000e-002 6.46295538e+004 2.31481481e-001
 8.00000000e+001 1.00000000e-002 6.51470742e+004 4.62962963e-001
 8.10000000e+001 1.00000000e-002 6.39304420e+004 2.31481481e-001
 8.20000000e+001 1.00000000e-002 6.57603720e+004 2.31481481e-001
 8.30000000e+001 1.00000000e-002 6.53427440e+004 2.31481481e-001
 8.40000000e+001 1.00000000e-002 6.24417359e+004 2.31481481e-001
 8.50000000e+001 1.00000000e-002 6.23540380e+004 1.15740741e-001
 8.60000000e+001 1.00000000e-002 6.26881039e+004 3.47222222e-001
 8.70000000e+001 1.00000000e-002 6.50424611e+004 4.62962963e-001
 8.80000000e+001 1.00000000e-002 6.47785105e+004 3.47222222e-001
 8.90000000e+001 1.00000000e-002 6.54466072e+004 3.47222222e-001
 9.00000000e+001 1.00000000e-002 6.38489423e+004 2.31481481e-001
 9.10000000e+001 1.00000000e-002 6.48335215e+004 2.31481481e-001
 9.20000000e+001 1.00000000e-002 6.34927723e+004 3.47222222e-001
 9.30000000e+001 1.00000000e-002 6.49633203e+004 3.47222222e-001
 9.40000000e+001 1.00000000e-002 6.42973802e+004 1.15740741e-001
 9.50000000e+001 1.00000000e-002 6.55298530e+004 1.15740741e-001
 9.60000000e+001 1.00000000e-002 6.42745902e+004 3.47222222e-001
 9.70000000e+001 1.00000000e-002 6.62519942e+004 4.62962963e-001
 9.80000000e+001 1.00000000e-002 6.60920006e+004 1.15740741e-001
 9.90000000e+001 1.00000000e-002 6.59638338e+004 1.15740741e-001
 1.00000000e+002 1.00000000e-002 6.53783926e+004 1.15740741e-001
 2.00000000e+000 1.00000000e-001 6.16557505e+004 0.00000000e+000
 3.00000000e+000 1.00000000e-001 6.17935071e+004 4.62962963e-001
 4.00000000e+000 1.00000000e-001 6.06409243e+004 4.62962963e-001
 5.00000000e+000 1.00000000e-001 6.17868265e+004 4.62962963e-001
 6.00000000e+000 1.00000000e-001 6.28489652e+004 1.15740741e-001
 7.00000000e+000 1.00000000e-001 6.10701562e+004 2.31481481e-001
 8.00000000e+000 1.00000000e-001 6.05668065e+004 4.62962963e-001
 9.00000000e+000 1.00000000e-001 6.28020040e+004 3.47222222e-001
 1.00000000e+001 1.00000000e-001 6.09391498e+004 6.94444444e-001
 1.10000000e+001 1.00000000e-001 6.14193277e+004 1.15740741e-001
 1.20000000e+001 1.00000000e-001 6.28209988e+004 4.62962963e-001
 1.30000000e+001 1.00000000e-001 6.28736201e+004 2.31481481e-001
 1.40000000e+001 1.00000000e-001 6.17652171e+004 4.62962963e-001
 1.50000000e+001 1.00000000e-001 6.34991690e+004 4.62962963e-001
 1.60000000e+001 1.00000000e-001 6.17062273e+004 0.00000000e+000
 1.70000000e+001 1.00000000e-001 6.17644359e+004 4.62962963e-001
 1.80000000e+001 1.00000000e-001 6.11702400e+004 5.78703704e-001
 1.90000000e+001 1.00000000e-001 6.29283654e+004 5.78703704e-001
 2.00000000e+001 1.00000000e-001 6.11064022e+004 4.62962963e-001
 2.10000000e+001 1.00000000e-001 6.27312535e+004 3.47222222e-001
 2.20000000e+001 1.00000000e-001 6.15891075e+004 2.31481481e-001
 2.30000000e+001 1.00000000e-001 6.16360241e+004 5.78703704e-001
 2.40000000e+001 1.00000000e-001 6.11299187e+004 3.47222222e-001
 2.50000000e+001 1.00000000e-001 6.05354510e+004 6.94444444e-001
 2.60000000e+001 1.00000000e-001 6.09332274e+004 2.31481481e-001
 2.70000000e+001 1.00000000e-001 6.09087216e+004 2.31481481e-001
 2.80000000e+001 1.00000000e-001 6.17031501e+004 3.47222222e-001
 2.90000000e+001 1.00000000e-001 6.13807124e+004 2.31481481e-001
 3.00000000e+001 1.00000000e-001 6.22993131e+004 4.62962963e-001
 3.10000000e+001 1.00000000e-001 6.16249077e+004 1.15740741e-001
 3.20000000e+001 1.00000000e-001 6.27304219e+004 2.31481481e-001
 3.30000000e+001 1.00000000e-001 6.08494380e+004 2.31481481e-001
 3.40000000e+001 1.00000000e-001 6.20098295e+004 2.31481481e-001
 3.50000000e+001 1.00000000e-001 6.23876389e+004 4.62962963e-001
 3.60000000e+001 1.00000000e-001 6.20802627e+004 3.47222222e-001
 3.70000000e+001 1.00000000e-001 6.27840745e+004 1.15740741e-001
 3.80000000e+001 1.00000000e-001 6.29495055e+004 1.15740741e-001
 3.90000000e+001 1.00000000e-001 6.21327684e+004 2.31481481e-001
 4.00000000e+001 1.00000000e-001 6.26322107e+004 1.15740741e-001
 4.10000000e+001 1.00000000e-001 6.14418978e+004 5.78703704e-001
 4.20000000e+001 1.00000000e-001 6.30678699e+004 5.78703704e-001
 4.30000000e+001 1.00000000e-001 6.20116639e+004 2.31481481e-001
 4.40000000e+001 1.00000000e-001 6.23158089e+004 3.47222222e-001
 4.50000000e+001 1.00000000e-001 6.23890920e+004 2.31481481e-001
 4.60000000e+001 1.00000000e-001 6.22990327e+004 1.15740741e-001
 4.70000000e+001 1.00000000e-001 6.28364525e+004 2.31481481e-001
 4.80000000e+001 1.00000000e-001 6.09312375e+004 4.62962963e-001
 4.90000000e+001 1.00000000e-001 6.26849451e+004 2.31481481e-001
 5.00000000e+001 1.00000000e-001 6.15838751e+004 6.94444444e-001
 5.10000000e+001 1.00000000e-001 6.34320348e+004 3.47222222e-001
 5.20000000e+001 1.00000000e-001 6.19533109e+004 2.31481481e-001
 5.30000000e+001 1.00000000e-001 6.08257869e+004 4.62962963e-001
 5.40000000e+001 1.00000000e-001 6.18968989e+004 5.78703704e-001
 5.50000000e+001 1.00000000e-001 6.19546368e+004 3.47222222e-001
 5.60000000e+001 1.00000000e-001 6.31919906e+004 5.78703704e-001
 5.70000000e+001 1.00000000e-001 6.23386497e+004 2.31481481e-001
 5.80000000e+001 1.00000000e-001 6.40792473e+004 4.62962963e-001
 5.90000000e+001 1.00000000e-001 6.32221460e+004 2.31481481e-001
 6.00000000e+001 1.00000000e-001 6.12695519e+004 4.62962963e-001
 6.10000000e+001 1.00000000e-001 6.36523335e+004 4.62962963e-001
 6.20000000e+001 1.00000000e-001 6.40616572e+004 1.15740741e-001
 6.30000000e+001 1.00000000e-001 6.35880723e+004 5.78703704e-001
 6.40000000e+001 1.00000000e-001 6.18316977e+004 3.47222222e-001
 6.50000000e+001 1.00000000e-001 6.37054347e+004 3.47222222e-001
 6.60000000e+001 1.00000000e-001 6.25866001e+004 5.78703704e-001
 6.70000000e+001 1.00000000e-001 6.37391298e+004 5.78703704e-001
 6.80000000e+001 1.00000000e-001 6.31183786e+004 5.78703704e-001
 6.90000000e+001 1.00000000e-001 6.37730039e+004 1.15740741e-001
 7.00000000e+001 1.00000000e-001 6.33597276e+004 0.00000000e+000
 7.10000000e+001 1.00000000e-001 6.23628043e+004 3.47222222e-001
 7.20000000e+001 1.00000000e-001 6.25036351e+004 8.10185185e-001
 7.30000000e+001 1.00000000e-001 6.40948925e+004 2.31481481e-001
 7.40000000e+001 1.00000000e-001 6.36084617e+004 1.15740741e-001
 7.50000000e+001 1.00000000e-001 6.19025661e+004 3.47222222e-001
 7.60000000e+001 1.00000000e-001 6.39889907e+004 2.31481481e-001
 7.70000000e+001 1.00000000e-001 6.42445761e+004 5.78703704e-001
 7.80000000e+001 1.00000000e-001 6.37213301e+004 2.31481481e-001
 7.90000000e+001 1.00000000e-001 6.52601410e+004 3.47222222e-001
 8.00000000e+001 1.00000000e-001 6.25537069e+004 4.62962963e-001
 8.10000000e+001 1.00000000e-001 6.30633656e+004 8.10185185e-001
 8.20000000e+001 1.00000000e-001 6.30570754e+004 3.47222222e-001
 8.30000000e+001 1.00000000e-001 6.32379853e+004 4.62962963e-001
 8.40000000e+001 1.00000000e-001 6.21309254e+004 2.31481481e-001
 8.50000000e+001 1.00000000e-001 6.36292886e+004 2.31481481e-001
 8.60000000e+001 1.00000000e-001 6.26556023e+004 3.47222222e-001
 8.70000000e+001 1.00000000e-001 6.52307691e+004 4.62962963e-001
 8.80000000e+001 1.00000000e-001 6.52587444e+004 3.47222222e-001
 8.90000000e+001 1.00000000e-001 6.43452658e+004 3.47222222e-001
 9.00000000e+001 1.00000000e-001 6.34362108e+004 3.47222222e-001
 9.10000000e+001 1.00000000e-001 6.38324971e+004 3.47222222e-001
 9.20000000e+001 1.00000000e-001 6.31874088e+004 2.31481481e-001
 9.30000000e+001 1.00000000e-001 6.28605018e+004 1.15740741e-001
 9.40000000e+001 1.00000000e-001 6.28438278e+004 2.31481481e-001
 9.50000000e+001 1.00000000e-001 6.18775223e+004 3.47222222e-001
 9.60000000e+001 1.00000000e-001 6.35360037e+004 2.31481481e-001
 9.70000000e+001 1.00000000e-001 6.65759437e+004 3.47222222e-001
 9.80000000e+001 1.00000000e-001 6.43471306e+004 1.15740741e-001
 9.90000000e+001 1.00000000e-001 6.49176272e+004 2.31481481e-001
 1.00000000e+002 1.00000000e-001 6.42382158e+004 4.62962963e-001
 2.00000000e+000 1.00000000e+000 5.26865605e+004 3.47222222e-001
 3.00000000e+000 1.00000000e+000 5.47059733e+004 3.47222222e-001
 4.00000000e+000 1.00000000e+000 5.38237439e+004 5.78703704e-001
 5.00000000e+000 1.00000000e+000 5.26282341e+004 3.47222222e-001
 6.00000000e+000 1.00000000e+000 5.32794935e+004 5.78703704e-001
 7.00000000e+000 1.00000000e+000 5.39575766e+004 6.94444444e-001
 8.00000000e+000 1.00000000e+000 5.32164732e+004 3.47222222e-001
 9.00000000e+000 1.00000000e+000 5.29716846e+004 3.47222222e-001
 1.00000000e+001 1.00000000e+000 5.42732623e+004 5.78703704e-001
 1.10000000e+001 1.00000000e+000 5.35048890e+004 3.47222222e-001
 1.20000000e+001 1.00000000e+000 5.46792334e+004 3.47222222e-001
 1.30000000e+001 1.00000000e+000 5.43831627e+004 6.94444444e-001
 1.40000000e+001 1.00000000e+000 5.32079880e+004 1.15740741e-001
 1.50000000e+001 1.00000000e+000 5.30030468e+004 3.47222222e-001
 1.60000000e+001 1.00000000e+000 5.36437148e+004 4.62962963e-001
 1.70000000e+001 1.00000000e+000 5.52219025e+004 1.15740741e-001
 1.80000000e+001 1.00000000e+000 5.48672266e+004 2.31481481e-001
 1.90000000e+001 1.00000000e+000 5.54149033e+004 2.31481481e-001
 2.00000000e+001 1.00000000e+000 5.46106803e+004 4.62962963e-001
 2.10000000e+001 1.00000000e+000 5.37864767e+004 4.62962963e-001
 2.20000000e+001 1.00000000e+000 5.38835044e+004 3.47222222e-001
 2.30000000e+001 1.00000000e+000 5.40458748e+004 4.62962963e-001
 2.40000000e+001 1.00000000e+000 5.55113180e+004 5.78703704e-001
 2.50000000e+001 1.00000000e+000 5.38135554e+004 4.62962963e-001
 2.60000000e+001 1.00000000e+000 5.45805625e+004 6.94444444e-001
 2.70000000e+001 1.00000000e+000 5.48443301e+004 4.62962963e-001
 2.80000000e+001 1.00000000e+000 5.41047278e+004 1.15740741e-001
 2.90000000e+001 1.00000000e+000 5.44819488e+004 3.47222222e-001
 3.00000000e+001 1.00000000e+000 5.34615836e+004 4.62962963e-001
 3.10000000e+001 1.00000000e+000 5.53908331e+004 0.00000000e+000
 3.20000000e+001 1.00000000e+000 5.47310625e+004 4.62962963e-001
 3.30000000e+001 1.00000000e+000 5.32981970e+004 2.31481481e-001
 3.40000000e+001 1.00000000e+000 5.44543950e+004 2.31481481e-001
 3.50000000e+001 1.00000000e+000 5.50213548e+004 3.47222222e-001
 3.60000000e+001 1.00000000e+000 5.48154086e+004 6.94444444e-001
 3.70000000e+001 1.00000000e+000 5.34987551e+004 8.10185185e-001
 3.80000000e+001 1.00000000e+000 5.47091832e+004 3.47222222e-001
 3.90000000e+001 1.00000000e+000 5.42870633e+004 3.47222222e-001
 4.00000000e+001 1.00000000e+000 5.38067622e+004 5.78703704e-001
 4.10000000e+001 1.00000000e+000 5.31992220e+004 3.47222222e-001
 4.20000000e+001 1.00000000e+000 5.44244270e+004 5.78703704e-001
 4.30000000e+001 1.00000000e+000 5.43260280e+004 0.00000000e+000
 4.40000000e+001 1.00000000e+000 5.41782350e+004 3.47222222e-001
 4.50000000e+001 1.00000000e+000 5.42439763e+004 2.31481481e-001
 4.60000000e+001 1.00000000e+000 5.64316489e+004 3.47222222e-001
 4.70000000e+001 1.00000000e+000 5.45449920e+004 2.31481481e-001
 4.80000000e+001 1.00000000e+000 5.39598513e+004 3.47222222e-001
 4.90000000e+001 1.00000000e+000 5.60840915e+004 2.31481481e-001
 5.00000000e+001 1.00000000e+000 5.40696780e+004 4.62962963e-001
 5.10000000e+001 1.00000000e+000 5.56336494e+004 3.47222222e-001
 5.20000000e+001 1.00000000e+000 5.53882201e+004 2.31481481e-001
 5.30000000e+001 1.00000000e+000 5.48195530e+004 5.78703704e-001
 5.40000000e+001 1.00000000e+000 5.52891072e+004 2.31481481e-001
 5.50000000e+001 1.00000000e+000 5.48992042e+004 2.31481481e-001
 5.60000000e+001 1.00000000e+000 5.57802049e+004 3.47222222e-001
 5.70000000e+001 1.00000000e+000 5.45339155e+004 0.00000000e+000
 5.80000000e+001 1.00000000e+000 5.53092282e+004 2.31481481e-001
 5.90000000e+001 1.00000000e+000 5.40075972e+004 1.15740741e-001
 6.00000000e+001 1.00000000e+000 5.52341212e+004 2.31481481e-001
 6.10000000e+001 1.00000000e+000 5.54420628e+004 2.31481481e-001
 6.20000000e+001 1.00000000e+000 5.60700921e+004 3.47222222e-001
 6.30000000e+001 1.00000000e+000 5.59059607e+004 2.31481481e-001
 6.40000000e+001 1.00000000e+000 5.57294555e+004 1.15740741e-001
 6.50000000e+001 1.00000000e+000 5.41183751e+004 2.31481481e-001
 6.60000000e+001 1.00000000e+000 5.54837817e+004 2.31481481e-001
 6.70000000e+001 1.00000000e+000 5.56874056e+004 3.47222222e-001
 6.80000000e+001 1.00000000e+000 5.48900069e+004 5.78703704e-001
 6.90000000e+001 1.00000000e+000 5.46943823e+004 2.31481481e-001
 7.00000000e+001 1.00000000e+000 5.56758789e+004 1.15740741e-001
 7.10000000e+001 1.00000000e+000 5.50192284e+004 2.31481481e-001
 7.20000000e+001 1.00000000e+000 5.46705394e+004 1.15740741e-001
 7.30000000e+001 1.00000000e+000 5.52206935e+004 3.47222222e-001
 7.40000000e+001 1.00000000e+000 5.59448149e+004 8.10185185e-001
 7.50000000e+001 1.00000000e+000 5.55935299e+004 1.15740741e-001
 7.60000000e+001 1.00000000e+000 5.55513270e+004 2.31481481e-001
 7.70000000e+001 1.00000000e+000 5.51234982e+004 3.47222222e-001
 7.80000000e+001 1.00000000e+000 5.44770636e+004 3.47222222e-001
 7.90000000e+001 1.00000000e+000 5.62097507e+004 2.31481481e-001
 8.00000000e+001 1.00000000e+000 5.59949004e+004 2.31481481e-001
 8.10000000e+001 1.00000000e+000 5.45998133e+004 2.31481481e-001
 8.20000000e+001 1.00000000e+000 5.51570726e+004 3.47222222e-001
 8.30000000e+001 1.00000000e+000 5.66185228e+004 3.47222222e-001
 8.40000000e+001 1.00000000e+000 5.56650533e+004 2.31481481e-001
 8.50000000e+001 1.00000000e+000 5.43540090e+004 3.47222222e-001
 8.60000000e+001 1.00000000e+000 5.40599897e+004 3.47222222e-001
 8.70000000e+001 1.00000000e+000 5.58632989e+004 4.62962963e-001
 8.80000000e+001 1.00000000e+000 5.66645530e+004 4.62962963e-001
 8.90000000e+001 1.00000000e+000 5.71444072e+004 3.47222222e-001
 9.00000000e+001 1.00000000e+000 5.57444081e+004 8.10185185e-001
 9.10000000e+001 1.00000000e+000 5.66772467e+004 4.62962963e-001
 9.20000000e+001 1.00000000e+000 5.65469760e+004 2.31481481e-001
 9.30000000e+001 1.00000000e+000 5.50244036e+004 5.78703704e-001
 9.40000000e+001 1.00000000e+000 5.56839827e+004 1.15740741e-001
 9.50000000e+001 1.00000000e+000 5.53281230e+004 5.78703704e-001
 9.60000000e+001 1.00000000e+000 5.62809689e+004 1.15740741e-001
 9.70000000e+001 1.00000000e+000 5.71733972e+004 5.78703704e-001
 9.80000000e+001 1.00000000e+000 5.68574585e+004 3.47222222e-001
 9.90000000e+001 1.00000000e+000 5.70637279e+004 3.47222222e-001
 1.00000000e+002 1.00000000e+000 5.61045885e+004 6.94444444e-001
 2.00000000e+000 1.00000000e+001 2.61854948e+004 5.78703704e-001
 3.00000000e+000 1.00000000e+001 2.61458036e+004 5.78703704e-001
 4.00000000e+000 1.00000000e+001 2.58488423e+004 4.62962963e-001
 5.00000000e+000 1.00000000e+001 2.61217263e+004 9.25925926e-001
 6.00000000e+000 1.00000000e+001 2.53078779e+004 4.62962963e-001
 7.00000000e+000 1.00000000e+001 2.55286205e+004 6.94444444e-001
 8.00000000e+000 1.00000000e+001 2.57140780e+004 2.31481481e-001
 9.00000000e+000 1.00000000e+001 2.54894163e+004 5.78703704e-001
 1.00000000e+001 1.00000000e+001 2.52854175e+004 2.31481481e-001
 1.10000000e+001 1.00000000e+001 2.54352417e+004 5.78703704e-001
 1.20000000e+001 1.00000000e+001 2.47574966e+004 3.47222222e-001
 1.30000000e+001 1.00000000e+001 2.56961367e+004 5.78703704e-001
 1.40000000e+001 1.00000000e+001 2.55768578e+004 5.78703704e-001
 1.50000000e+001 1.00000000e+001 2.57973554e+004 6.94444444e-001
 1.60000000e+001 1.00000000e+001 2.55256664e+004 4.62962963e-001
 1.70000000e+001 1.00000000e+001 2.50352610e+004 4.62962963e-001
 1.80000000e+001 1.00000000e+001 2.48236660e+004 9.25925926e-001
 1.90000000e+001 1.00000000e+001 2.55341334e+004 4.62962963e-001
 2.00000000e+001 1.00000000e+001 2.55150123e+004 6.94444444e-001
 2.10000000e+001 1.00000000e+001 2.53944910e+004 3.47222222e-001
 2.20000000e+001 1.00000000e+001 2.49917231e+004 8.10185185e-001
 2.30000000e+001 1.00000000e+001 2.55416191e+004 9.25925926e-001
 2.40000000e+001 1.00000000e+001 2.55931985e+004 6.94444444e-001
 2.50000000e+001 1.00000000e+001 2.52304418e+004 6.94444444e-001
 2.60000000e+001 1.00000000e+001 2.61078633e+004 2.31481481e-001
 2.70000000e+001 1.00000000e+001 2.49219388e+004 1.04166667e+000
 2.80000000e+001 1.00000000e+001 2.56831673e+004 2.31481481e-001
 2.90000000e+001 1.00000000e+001 2.53080814e+004 3.47222222e-001
 3.00000000e+001 1.00000000e+001 2.52334615e+004 1.15740741e+000
 3.10000000e+001 1.00000000e+001 2.57162275e+004 5.78703704e-001
 3.20000000e+001 1.00000000e+001 2.55944365e+004 3.47222222e-001
 3.30000000e+001 1.00000000e+001 2.55001692e+004 5.78703704e-001
 3.40000000e+001 1.00000000e+001 2.55353259e+004 1.15740741e+000
 3.50000000e+001 1.00000000e+001 2.50112295e+004 3.47222222e-001
 3.60000000e+001 1.00000000e+001 2.56792289e+004 4.62962963e-001
 3.70000000e+001 1.00000000e+001 2.50477261e+004 1.04166667e+000
 3.80000000e+001 1.00000000e+001 2.56734090e+004 6.94444444e-001
 3.90000000e+001 1.00000000e+001 2.52716435e+004 2.31481481e-001
 4.00000000e+001 1.00000000e+001 2.51351332e+004 3.47222222e-001
 4.10000000e+001 1.00000000e+001 2.58316713e+004 6.94444444e-001
 4.20000000e+001 1.00000000e+001 2.56533967e+004 4.62962963e-001
 4.30000000e+001 1.00000000e+001 2.51926227e+004 2.31481481e-001
 4.40000000e+001 1.00000000e+001 2.53989882e+004 8.10185185e-001
 4.50000000e+001 1.00000000e+001 2.59046706e+004 5.78703704e-001
 4.60000000e+001 1.00000000e+001 2.54379428e+004 8.10185185e-001
 4.70000000e+001 1.00000000e+001 2.56397508e+004 3.47222222e-001
 4.80000000e+001 1.00000000e+001 2.51001105e+004 4.62962963e-001
 4.90000000e+001 1.00000000e+001 2.52028490e+004 5.78703704e-001
 5.00000000e+001 1.00000000e+001 2.57673506e+004 4.62962963e-001
 5.10000000e+001 1.00000000e+001 2.57088821e+004 8.10185185e-001
 5.20000000e+001 1.00000000e+001 2.51547880e+004 1.15740741e-001
 5.30000000e+001 1.00000000e+001 2.53234688e+004 4.62962963e-001
 5.40000000e+001 1.00000000e+001 2.56564894e+004 4.62962963e-001
 5.50000000e+001 1.00000000e+001 2.57977601e+004 3.47222222e-001
 5.60000000e+001 1.00000000e+001 2.56619790e+004 9.25925926e-001
 5.70000000e+001 1.00000000e+001 2.53147081e+004 4.62962963e-001
 5.80000000e+001 1.00000000e+001 2.57544971e+004 1.04166667e+000
 5.90000000e+001 1.00000000e+001 2.55515662e+004 5.78703704e-001
 6.00000000e+001 1.00000000e+001 2.50624220e+004 9.25925926e-001
 6.10000000e+001 1.00000000e+001 2.56656861e+004 5.78703704e-001
 6.20000000e+001 1.00000000e+001 2.58547301e+004 2.31481481e-001
 6.30000000e+001 1.00000000e+001 2.57045464e+004 5.78703704e-001
 6.40000000e+001 1.00000000e+001 2.56537825e+004 6.94444444e-001
 6.50000000e+001 1.00000000e+001 2.56017432e+004 4.62962963e-001
 6.60000000e+001 1.00000000e+001 2.53067448e+004 3.47222222e-001
 6.70000000e+001 1.00000000e+001 2.62030700e+004 3.47222222e-001
 6.80000000e+001 1.00000000e+001 2.55872635e+004 9.25925926e-001
 6.90000000e+001 1.00000000e+001 2.55880307e+004 9.25925926e-001
 7.00000000e+001 1.00000000e+001 2.51845218e+004 4.62962963e-001
 7.10000000e+001 1.00000000e+001 2.57311272e+004 8.10185185e-001
 7.20000000e+001 1.00000000e+001 2.52123308e+004 3.47222222e-001
 7.30000000e+001 1.00000000e+001 2.55825101e+004 8.10185185e-001
 7.40000000e+001 1.00000000e+001 2.54166084e+004 5.78703704e-001
 7.50000000e+001 1.00000000e+001 2.53196411e+004 5.78703704e-001
 7.60000000e+001 1.00000000e+001 2.56242473e+004 8.10185185e-001
 7.70000000e+001 1.00000000e+001 2.54474743e+004 6.94444444e-001
 7.80000000e+001 1.00000000e+001 2.53825935e+004 3.47222222e-001
 7.90000000e+001 1.00000000e+001 2.55930468e+004 5.78703704e-001
 8.00000000e+001 1.00000000e+001 2.56155679e+004 2.31481481e-001
 8.10000000e+001 1.00000000e+001 2.56777616e+004 6.94444444e-001
 8.20000000e+001 1.00000000e+001 2.53588987e+004 2.31481481e-001
 8.30000000e+001 1.00000000e+001 2.50956195e+004 8.10185185e-001
 8.40000000e+001 1.00000000e+001 2.59862589e+004 3.47222222e-001
 8.50000000e+001 1.00000000e+001 2.59731562e+004 2.31481481e-001
 8.60000000e+001 1.00000000e+001 2.57049208e+004 2.31481481e-001
 8.70000000e+001 1.00000000e+001 2.58132963e+004 4.62962963e-001
 8.80000000e+001 1.00000000e+001 2.61467442e+004 2.31481481e-001
 8.90000000e+001 1.00000000e+001 2.55114825e+004 5.78703704e-001
 9.00000000e+001 1.00000000e+001 2.58174008e+004 3.47222222e-001
 9.10000000e+001 1.00000000e+001 2.60387796e+004 6.94444444e-001
 9.20000000e+001 1.00000000e+001 2.56579512e+004 3.47222222e-001
 9.30000000e+001 1.00000000e+001 2.59024807e+004 3.47222222e-001
 9.40000000e+001 1.00000000e+001 2.57555078e+004 5.78703704e-001
 9.50000000e+001 1.00000000e+001 2.59434004e+004 3.47222222e-001
 9.60000000e+001 1.00000000e+001 2.58640143e+004 3.47222222e-001
 9.70000000e+001 1.00000000e+001 2.57449682e+004 4.62962963e-001
 9.80000000e+001 1.00000000e+001 2.54113923e+004 9.25925926e-001
 9.90000000e+001 1.00000000e+001 2.65479600e+004 1.04166667e+000
 1.00000000e+002 1.00000000e+001 2.55450599e+004 8.10185185e-001
