 2.00000000e+000 1.00000000e-002 5.83497046e+004 4.62962963e-001
 3.00000000e+000 1.00000000e-002 5.91906089e+004 1.15740741e-001
 4.00000000e+000 1.00000000e-002 5.83673599e+004 3.47222222e-001
 5.00000000e+000 1.00000000e-002 5.81425225e+004 5.78703704e-001
 6.00000000e+000 1.00000000e-002 5.90360285e+004 4.62962963e-001
 7.00000000e+000 1.00000000e-002 5.84740091e+004 4.62962963e-001
 8.00000000e+000 1.00000000e-002 5.99574193e+004 3.47222222e-001
 9.00000000e+000 1.00000000e-002 6.05670031e+004 1.15740741e-001
 1.00000000e+001 1.00000000e-002 5.99851462e+004 4.62962963e-001
 1.10000000e+001 1.00000000e-002 5.82957089e+004 3.47222222e-001
 1.20000000e+001 1.00000000e-002 5.94051242e+004 2.31481481e-001
 1.30000000e+001 1.00000000e-002 6.03189400e+004 2.31481481e-001
 1.40000000e+001 1.00000000e-002 5.91454389e+004 4.62962963e-001
 1.50000000e+001 1.00000000e-002 5.92608621e+004 5.78703704e-001
 1.60000000e+001 1.00000000e-002 5.82041724e+004 4.62962963e-001
 1.70000000e+001 1.00000000e-002 5.93998684e+004 2.31481481e-001
 1.80000000e+001 1.00000000e-002 5.83934123e+004 4.62962963e-001
 1.90000000e+001 1.00000000e-002 5.81717394e+004 3.47222222e-001
 2.00000000e+001 1.00000000e-002 5.91555681e+004 2.31481481e-001
 2.10000000e+001 1.00000000e-002 5.91357563e+004 3.47222222e-001
 2.20000000e+001 1.00000000e-002 5.88885670e+004 4.62962963e-001
 2.30000000e+001 1.00000000e-002 5.89666847e+004 2.31481481e-001
 2.40000000e+001 1.00000000e-002 5.95748494e+004 3.47222222e-001
 2.50000000e+001 1.00000000e-002 5.94393174e+004 1.15740741e-001
 2.60000000e+001 1.00000000e-002 5.88198524e+004 3.47222222e-001
 2.70000000e+001 1.00000000e-002 5.96986146e+004 4.62962963e-001
 2.80000000e+001 1.00000000e-002 6.04783987e+004 4.62962963e-001
 2.90000000e+001 1.00000000e-002 6.03704106e+004 2.31481481e-001
 3.00000000e+001 1.00000000e-002 6.08955424e+004 0.00000000e+000
 3.10000000e+001 1.00000000e-002 6.11242597e+004 3.47222222e-001
 3.20000000e+001 1.00000000e-002 6.02920548e+004 3.47222222e-001
 3.30000000e+001 1.00000000e-002 5.97074151e+004 3.47222222e-001
 3.40000000e+001 1.00000000e-002 6.08148618e+004 2.31481481e-001
 3.50000000e+001 1.00000000e-002 6.03159148e+004 1.15740741e-001
 3.60000000e+001 1.00000000e-002 5.93288091e+004 8.10185185e-001
 3.70000000e+001 1.00000000e-002 5.98152433e+004 3.47222222e-001
 3.80000000e+001 1.00000000e-002 6.13698646e+004 0.00000000e+000
 3.90000000e+001 1.00000000e-002 5.99361187e+004 3.47222222e-001
 4.00000000e+001 1.00000000e-002 5.90706775e+004 4.62962963e-001
 4.10000000e+001 1.00000000e-002 5.86430874e+004 4.62962963e-001
 4.20000000e+001 1.00000000e-002 6.12029938e+004 1.15740741e-001
 4.30000000e+001 1.00000000e-002 6.03812947e+004 4.62962963e-001
 4.40000000e+001 1.00000000e-002 6.15413381e+004 4.62962963e-001
 4.50000000e+001 1.00000000e-002 6.02470379e+004 2.31481481e-001
 4.60000000e+001 1.00000000e-002 6.10171920e+004 4.62962963e-001
 4.70000000e+001 1.00000000e-002 6.11328132e+004 4.62962963e-001
 4.80000000e+001 1.00000000e-002 5.91133753e+004 9.25925926e-001
 4.90000000e+001 1.00000000e-002 6.04191023e+004 4.62962963e-001
 5.00000000e+001 1.00000000e-002 6.09868041e+004 3.47222222e-001
 5.10000000e+001 1.00000000e-002 5.89110512e+004 2.31481481e-001
 5.20000000e+001 1.00000000e-002 6.00483455e+004 3.47222222e-001
 5.30000000e+001 1.00000000e-002 6.05938161e+004 4.62962963e-001
 5.40000000e+001 1.00000000e-002 5.96510650e+004 4.62962963e-001
 5.50000000e+001 1.00000000e-002 6.14828616e+004 3.47222222e-001
 5.60000000e+001 1.00000000e-002 6.05782125e+004 3.47222222e-001
 5.70000000e+001 1.00000000e-002 6.11024361e+004 5.78703704e-001
 5.80000000e+001 1.00000000e-002 6.16943125e+004 5.78703704e-001
 5.90000000e+001 1.00000000e-002 6.10627767e+004 6.94444444e-001
 6.00000000e+001 1.00000000e-002 6.03258567e+004 5.78703704e-001
 6.10000000e+001 1.00000000e-002 6.13888290e+004 3.47222222e-001
 6.20000000e+001 1.00000000e-002 6.05461873e+004 2.31481481e-001
 6.30000000e+001 1.00000000e-002 6.19914870e+004 2.31481481e-001
 6.40000000e+001 1.00000000e-002 6.25917954e+004 4.62962963e-001
 6.50000000e+001 1.00000000e-002 6.15705273e+004 3.47222222e-001
 6.60000000e+001 1.00000000e-002 6.10015399e+004 2.31481481e-001
 6.70000000e+001 1.00000000e-002 6.12829843e+004 2.31481481e-001
 6.80000000e+001 1.00000000e-002 6.16162985e+004 3.47222222e-001
 6.90000000e+001 1.00000000e-002 6.15140912e+004 3.47222222e-001
 7.00000000e+001 1.00000000e-002 6.12924950e+004 4.62962963e-001
 7.10000000e+001 1.00000000e-002 5.93112911e+004 6.94444444e-001
 7.20000000e+001 1.00000000e-002 6.06641713e+004 6.94444444e-001
 7.30000000e+001 1.00000000e-002 6.08436073e+004 4.62962963e-001
 7.40000000e+001 1.00000000e-002 6.19205501e+004 4.62962963e-001
 7.50000000e+001 1.00000000e-002 6.17620027e+004 2.31481481e-001
 7.60000000e+001 1.00000000e-002 6.13829616e+004 0.00000000e+000
 7.70000000e+001 1.00000000e-002 6.03935030e+004 2.31481481e-001
 7.80000000e+001 1.00000000e-002 5.98374012e+004 3.47222222e-001
 7.90000000e+001 1.00000000e-002 6.19492264e+004 5.78703704e-001
 8.00000000e+001 1.00000000e-002 6.25094648e+004 2.31481481e-001
 8.10000000e+001 1.00000000e-002 6.12646919e+004 1.15740741e-001
 8.20000000e+001 1.00000000e-002 6.22504655e+004 1.15740741e-001
 8.30000000e+001 1.00000000e-002 6.10175641e+004 2.31481481e-001
 8.40000000e+001 1.00000000e-002 6.27773660e+004 4.62962963e-001
 8.50000000e+001 1.00000000e-002 6.29830601e+004 3.47222222e-001
 8.60000000e+001 1.00000000e-002 6.16855458e+004 4.62962963e-001
 8.70000000e+001 1.00000000e-002 6.41129368e+004 4.62962963e-001
 8.80000000e+001 1.00000000e-002 6.35451221e+004 4.62962963e-001
 8.90000000e+001 1.00000000e-002 6.21168952e+004 4.62962963e-001
 9.00000000e+001 1.00000000e-002 6.21377272e+004 3.47222222e-001
 9.10000000e+001 1.00000000e-002 6.26227012e+004 5.78703704e-001
 9.20000000e+001 1.00000000e-002 6.09398345e+004 2.31481481e-001
 9.30000000e+001 1.00000000e-002 6.13031007e+004 6.94444444e-001
 9.40000000e+001 1.00000000e-002 6.04097082e+004 3.47222222e-001
 9.50000000e+001 1.00000000e-002 6.15258104e+004 3.47222222e-001
 9.60000000e+001 1.00000000e-002 6.08773578e+004 4.62962963e-001
 9.70000000e+001 1.00000000e-002 6.21709363e+004 1.15740741e-001
 9.80000000e+001 1.00000000e-002 6.28671720e+004 0.00000000e+000
 9.90000000e+001 1.00000000e-002 6.29157531e+004 2.31481481e-001
 1.00000000e+002 1.00000000e-002 6.44290349e+004 5.78703704e-001
 2.00000000e+000 1.00000000e-001 5.74277561e+004 6.94444444e-001
 3.00000000e+000 1.00000000e-001 5.83364020e+004 2.31481481e-001
 4.00000000e+000 1.00000000e-001 5.75560746e+004 6.94444444e-001
 5.00000000e+000 1.00000000e-001 5.74375739e+004 0.00000000e+000
 6.00000000e+000 1.00000000e-001 5.73968683e+004 6.94444444e-001
 7.00000000e+000 1.00000000e-001 5.76711685e+004 5.78703704e-001
 8.00000000e+000 1.00000000e-001 5.75878471e+004 6.94444444e-001
 9.00000000e+000 1.00000000e-001 5.86267367e+004 0.00000000e+000
 1.00000000e+001 1.00000000e-001 5.74091411e+004 4.62962963e-001
 1.10000000e+001 1.00000000e-001 5.82623868e+004 3.47222222e-001
 1.20000000e+001 1.00000000e-001 5.81916275e+004 3.47222222e-001
 1.30000000e+001 1.00000000e-001 5.78484565e+004 6.94444444e-001
 1.40000000e+001 1.00000000e-001 5.95063054e+004 4.62962963e-001
 1.50000000e+001 1.00000000e-001 5.84858862e+004 5.78703704e-001
 1.60000000e+001 1.00000000e-001 5.83438161e+004 3.47222222e-001
 1.70000000e+001 1.00000000e-001 5.78569238e+004 4.62962963e-001
 1.80000000e+001 1.00000000e-001 5.89362398e+004 4.62962963e-001
 1.90000000e+001 1.00000000e-001 5.95613320e+004 1.15740741e-001
 2.00000000e+001 1.00000000e-001 5.79850447e+004 3.47222222e-001
 2.10000000e+001 1.00000000e-001 5.93225196e+004 0.00000000e+000
 2.20000000e+001 1.00000000e-001 5.81899742e+004 2.31481481e-001
 2.30000000e+001 1.00000000e-001 5.98839284e+004 3.47222222e-001
 2.40000000e+001 1.00000000e-001 5.97104288e+004 2.31481481e-001
 2.50000000e+001 1.00000000e-001 5.78401886e+004 3.47222222e-001
 2.60000000e+001 1.00000000e-001 5.96511075e+004 5.78703704e-001
 2.70000000e+001 1.00000000e-001 5.81463665e+004 3.47222222e-001
 2.80000000e+001 1.00000000e-001 5.94374551e+004 1.15740741e-001
 2.90000000e+001 1.00000000e-001 5.99255710e+004 0.00000000e+000
 3.00000000e+001 1.00000000e-001 5.83782236e+004 1.15740741e-001
 3.10000000e+001 1.00000000e-001 6.11510540e+004 3.47222222e-001
 3.20000000e+001 1.00000000e-001 5.71681182e+004 5.78703704e-001
 3.30000000e+001 1.00000000e-001 5.91281211e+004 3.47222222e-001
 3.40000000e+001 1.00000000e-001 5.82152611e+004 1.15740741e-001
 3.50000000e+001 1.00000000e-001 5.91267903e+004 2.31481481e-001
 3.60000000e+001 1.00000000e-001 5.91345755e+004 3.47222222e-001
 3.70000000e+001 1.00000000e-001 5.97295816e+004 4.62962963e-001
 3.80000000e+001 1.00000000e-001 5.92979346e+004 4.62962963e-001
 3.90000000e+001 1.00000000e-001 5.84224101e+004 2.31481481e-001
 4.00000000e+001 1.00000000e-001 5.87550008e+004 3.47222222e-001
 4.10000000e+001 1.00000000e-001 5.88586132e+004 5.78703704e-001
 4.20000000e+001 1.00000000e-001 5.96913398e+004 4.62962963e-001
 4.30000000e+001 1.00000000e-001 5.83276690e+004 2.31481481e-001
 4.40000000e+001 1.00000000e-001 5.99544328e+004 2.31481481e-001
 4.50000000e+001 1.00000000e-001 5.94535909e+004 2.31481481e-001
 4.60000000e+001 1.00000000e-001 6.03712031e+004 5.78703704e-001
 4.70000000e+001 1.00000000e-001 6.01257759e+004 3.47222222e-001
 4.80000000e+001 1.00000000e-001 5.90861263e+004 4.62962963e-001
 4.90000000e+001 1.00000000e-001 6.06577807e+004 2.31481481e-001
 5.00000000e+001 1.00000000e-001 5.84782105e+004 2.31481481e-001
 5.10000000e+001 1.00000000e-001 6.20759361e+004 3.47222222e-001
 5.20000000e+001 1.00000000e-001 5.98608850e+004 3.47222222e-001
 5.30000000e+001 1.00000000e-001 5.82050020e+004 4.62962963e-001
 5.40000000e+001 1.00000000e-001 5.81042469e+004 1.15740741e-001
 5.50000000e+001 1.00000000e-001 5.96640487e+004 4.62962963e-001
 5.60000000e+001 1.00000000e-001 5.94966383e+004 1.15740741e-001
 5.70000000e+001 1.00000000e-001 5.87188164e+004 3.47222222e-001
 5.80000000e+001 1.00000000e-001 6.09149332e+004 0.00000000e+000
 5.90000000e+001 1.00000000e-001 6.10964238e+004 4.62962963e-001
 6.00000000e+001 1.00000000e-001 5.97921728e+004 4.62962963e-001
 6.10000000e+001 1.00000000e-001 5.93522759e+004 6.94444444e-001
 6.20000000e+001 1.00000000e-001 6.16330497e+004 4.62962963e-001
 6.30000000e+001 1.00000000e-001 5.98741124e+004 3.47222222e-001
 6.40000000e+001 1.00000000e-001 6.09232269e+004 5.78703704e-001
 6.50000000e+001 1.00000000e-001 5.94814202e+004 2.31481481e-001
 6.60000000e+001 1.00000000e-001 5.88224018e+004 1.15740741e-001
 6.70000000e+001 1.00000000e-001 6.08027798e+004 2.31481481e-001
 6.80000000e+001 1.00000000e-001 6.14076740e+004 2.31481481e-001
 6.90000000e+001 1.00000000e-001 5.97678311e+004 4.62962963e-001
 7.00000000e+001 1.00000000e-001 6.06558703e+004 2.31481481e-001
 7.10000000e+001 1.00000000e-001 6.07107115e+004 8.10185185e-001
 7.20000000e+001 1.00000000e-001 6.03710981e+004 3.47222222e-001
 7.30000000e+001 1.00000000e-001 6.11233819e+004 4.62962963e-001
 7.40000000e+001 1.00000000e-001 5.97500205e+004 5.78703704e-001
 7.50000000e+001 1.00000000e-001 6.04748791e+004 3.47222222e-001
 7.60000000e+001 1.00000000e-001 6.21154042e+004 3.47222222e-001
 7.70000000e+001 1.00000000e-001 5.97369852e+004 1.15740741e-001
 7.80000000e+001 1.00000000e-001 6.02964767e+004 3.47222222e-001
 7.90000000e+001 1.00000000e-001 6.18374826e+004 5.78703704e-001
 8.00000000e+001 1.00000000e-001 6.17572550e+004 2.31481481e-001
 8.10000000e+001 1.00000000e-001 5.98995231e+004 2.31481481e-001
 8.20000000e+001 1.00000000e-001 5.96695482e+004 4.62962963e-001
 8.30000000e+001 1.00000000e-001 6.10747703e+004 6.94444444e-001
 8.40000000e+001 1.00000000e-001 6.12007684e+004 2.31481481e-001
 8.50000000e+001 1.00000000e-001 5.95547201e+004 2.31481481e-001
 8.60000000e+001 1.00000000e-001 6.00874366e+004 4.62962963e-001
 8.70000000e+001 1.00000000e-001 6.14269997e+004 2.31481481e-001
 8.80000000e+001 1.00000000e-001 6.11942358e+004 4.62962963e-001
 8.90000000e+001 1.00000000e-001 6.16591023e+004 3.47222222e-001
 9.00000000e+001 1.00000000e-001 6.06955394e+004 3.47222222e-001
 9.10000000e+001 1.00000000e-001 6.19309444e+004 4.62962963e-001
 9.20000000e+001 1.00000000e-001 5.99406873e+004 3.47222222e-001
 9.30000000e+001 1.00000000e-001 6.18879468e+004 3.47222222e-001
 9.40000000e+001 1.00000000e-001 6.18082139e+004 2.31481481e-001
 9.50000000e+001 1.00000000e-001 6.09506217e+004 3.47222222e-001
 9.60000000e+001 1.00000000e-001 5.97674980e+004 6.94444444e-001
 9.70000000e+001 1.00000000e-001 6.18935371e+004 1.15740741e-001
 9.80000000e+001 1.00000000e-001 6.14633777e+004 5.78703704e-001
 9.90000000e+001 1.00000000e-001 6.24165651e+004 3.47222222e-001
 1.00000000e+002 1.00000000e-001 6.04577056e+004 1.15740741e-001
 2.00000000e+000 1.00000000e+000 4.95327626e+004 6.94444444e-001
 3.00000000e+000 1.00000000e+000 4.94970353e+004 4.62962963e-001
 4.00000000e+000 1.00000000e+000 4.92027339e+004 6.94444444e-001
 5.00000000e+000 1.00000000e+000 4.97602223e+004 2.31481481e-001
 6.00000000e+000 1.00000000e+000 5.00003077e+004 2.31481481e-001
 7.00000000e+000 1.00000000e+000 5.02235816e+004 4.62962963e-001
 8.00000000e+000 1.00000000e+000 4.92959830e+004 4.62962963e-001
 9.00000000e+000 1.00000000e+000 4.90296718e+004 4.62962963e-001
 1.00000000e+001 1.00000000e+000 5.00502416e+004 5.78703704e-001
 1.10000000e+001 1.00000000e+000 4.88568080e+004 3.47222222e-001
 1.20000000e+001 1.00000000e+000 5.02961304e+004 1.15740741e-001
 1.30000000e+001 1.00000000e+000 5.02954918e+004 4.62962963e-001
 1.40000000e+001 1.00000000e+000 5.06124672e+004 4.62962963e-001
 1.50000000e+001 1.00000000e+000 4.96825843e+004 2.31481481e-001
 1.60000000e+001 1.00000000e+000 5.13279939e+004 4.62962963e-001
 1.70000000e+001 1.00000000e+000 5.09961923e+004 1.15740741e-001
 1.80000000e+001 1.00000000e+000 4.93468023e+004 5.78703704e-001
 1.90000000e+001 1.00000000e+000 5.07649471e+004 4.62962963e-001
 2.00000000e+001 1.00000000e+000 5.01042365e+004 2.31481481e-001
 2.10000000e+001 1.00000000e+000 4.99485327e+004 1.15740741e-001
 2.20000000e+001 1.00000000e+000 5.15828128e+004 3.47222222e-001
 2.30000000e+001 1.00000000e+000 5.03649497e+004 4.62962963e-001
 2.40000000e+001 1.00000000e+000 4.99097643e+004 1.15740741e-001
 2.50000000e+001 1.00000000e+000 5.11269280e+004 5.78703704e-001
 2.60000000e+001 1.00000000e+000 5.06678891e+004 4.62962963e-001
 2.70000000e+001 1.00000000e+000 5.04026365e+004 4.62962963e-001
 2.80000000e+001 1.00000000e+000 5.00537357e+004 0.00000000e+000
 2.90000000e+001 1.00000000e+000 5.12756871e+004 3.47222222e-001
 3.00000000e+001 1.00000000e+000 5.03123941e+004 4.62962963e-001
 3.10000000e+001 1.00000000e+000 5.07079940e+004 1.15740741e-001
 3.20000000e+001 1.00000000e+000 5.01079100e+004 8.10185185e-001
 3.30000000e+001 1.00000000e+000 5.11285584e+004 3.47222222e-001
 3.40000000e+001 1.00000000e+000 4.98300169e+004 3.47222222e-001
 3.50000000e+001 1.00000000e+000 5.02047619e+004 4.62962963e-001
 3.60000000e+001 1.00000000e+000 5.04429771e+004 4.62962963e-001
 3.70000000e+001 1.00000000e+000 5.25256891e+004 6.94444444e-001
 3.80000000e+001 1.00000000e+000 5.09415018e+004 6.94444444e-001
 3.90000000e+001 1.00000000e+000 5.13318440e+004 3.47222222e-001
 4.00000000e+001 1.00000000e+000 5.10440646e+004 8.10185185e-001
 4.10000000e+001 1.00000000e+000 4.94958437e+004 3.47222222e-001
 4.20000000e+001 1.00000000e+000 4.98700375e+004 4.62962963e-001
 4.30000000e+001 1.00000000e+000 5.02897799e+004 3.47222222e-001
 4.40000000e+001 1.00000000e+000 5.16861588e+004 5.78703704e-001
 4.50000000e+001 1.00000000e+000 5.17129945e+004 0.00000000e+000
 4.60000000e+001 1.00000000e+000 5.17159490e+004 4.62962963e-001
 4.70000000e+001 1.00000000e+000 5.05662801e+004 4.62962963e-001
 4.80000000e+001 1.00000000e+000 5.07091469e+004 0.00000000e+000
 4.90000000e+001 1.00000000e+000 5.02851966e+004 2.31481481e-001
 5.00000000e+001 1.00000000e+000 5.06815195e+004 4.62962963e-001
 5.10000000e+001 1.00000000e+000 5.28393421e+004 4.62962963e-001
 5.20000000e+001 1.00000000e+000 5.15121831e+004 2.31481481e-001
 5.30000000e+001 1.00000000e+000 4.97586656e+004 4.62962963e-001
 5.40000000e+001 1.00000000e+000 5.06558087e+004 5.78703704e-001
 5.50000000e+001 1.00000000e+000 5.23921250e+004 2.31481481e-001
 5.60000000e+001 1.00000000e+000 5.05343906e+004 2.31481481e-001
 5.70000000e+001 1.00000000e+000 5.06758165e+004 0.00000000e+000
 5.80000000e+001 1.00000000e+000 5.17642463e+004 1.15740741e-001
 5.90000000e+001 1.00000000e+000 5.03695121e+004 8.10185185e-001
 6.00000000e+001 1.00000000e+000 5.01546809e+004 4.62962963e-001
 6.10000000e+001 1.00000000e+000 5.16838885e+004 3.47222222e-001
 6.20000000e+001 1.00000000e+000 5.31689530e+004 0.00000000e+000
 6.30000000e+001 1.00000000e+000 5.18638136e+004 6.94444444e-001
 6.40000000e+001 1.00000000e+000 5.01422466e+004 4.62962963e-001
 6.50000000e+001 1.00000000e+000 5.29466191e+004 2.31481481e-001
 6.60000000e+001 1.00000000e+000 5.07341080e+004 3.47222222e-001
 6.70000000e+001 1.00000000e+000 5.26632871e+004 3.47222222e-001
 6.80000000e+001 1.00000000e+000 5.21269784e+004 5.78703704e-001
 6.90000000e+001 1.00000000e+000 5.16419192e+004 1.15740741e-001
 7.00000000e+001 1.00000000e+000 5.18103274e+004 3.47222222e-001
 7.10000000e+001 1.00000000e+000 5.08898087e+004 3.47222222e-001
 7.20000000e+001 1.00000000e+000 5.35304921e+004 3.47222222e-001
 7.30000000e+001 1.00000000e+000 5.15981370e+004 3.47222222e-001
 7.40000000e+001 1.00000000e+000 5.21831899e+004 2.31481481e-001
 7.50000000e+001 1.00000000e+000 5.18913555e+004 1.15740741e-001
 7.60000000e+001 1.00000000e+000 5.29557666e+004 2.31481481e-001
 7.70000000e+001 1.00000000e+000 5.17021521e+004 8.10185185e-001
 7.80000000e+001 1.00000000e+000 5.30960036e+004 2.31481481e-001
 7.90000000e+001 1.00000000e+000 5.35079085e+004 4.62962963e-001
 8.00000000e+001 1.00000000e+000 5.23994365e+004 6.94444444e-001
 8.10000000e+001 1.00000000e+000 5.24512586e+004 1.15740741e-001
 8.20000000e+001 1.00000000e+000 5.16264886e+004 4.62962963e-001
 8.30000000e+001 1.00000000e+000 5.25092347e+004 5.78703704e-001
 8.40000000e+001 1.00000000e+000 5.04815088e+004 1.15740741e-001
 8.50000000e+001 1.00000000e+000 5.06664791e+004 3.47222222e-001
 8.60000000e+001 1.00000000e+000 5.16558058e+004 4.62962963e-001
 8.70000000e+001 1.00000000e+000 5.12866662e+004 1.15740741e-001
 8.80000000e+001 1.00000000e+000 5.26900152e+004 4.62962963e-001
 8.90000000e+001 1.00000000e+000 5.13780607e+004 3.47222222e-001
 9.00000000e+001 1.00000000e+000 5.25652045e+004 3.47222222e-001
 9.10000000e+001 1.00000000e+000 5.07535552e+004 4.62962963e-001
 9.20000000e+001 1.00000000e+000 5.25856573e+004 3.47222222e-001
 9.30000000e+001 1.00000000e+000 5.24535671e+004 2.31481481e-001
 9.40000000e+001 1.00000000e+000 5.23107201e+004 2.31481481e-001
 9.50000000e+001 1.00000000e+000 5.15517605e+004 3.47222222e-001
 9.60000000e+001 1.00000000e+000 5.21497032e+004 1.15740741e-001
 9.70000000e+001 1.00000000e+000 5.28677762e+004 1.15740741e-001
 9.80000000e+001 1.00000000e+000 5.24276764e+004 1.15740741e-001
 9.90000000e+001 1.00000000e+000 5.42540604e+004 6.94444444e-001
 1.00000000e+002 1.00000000e+000 5.33509508e+004 1.15740741e-001
 2.00000000e+000 1.00000000e+001 1.32680510e+004 1.73611111e+000
 3.00000000e+000 1.00000000e+001 1.40585630e+004 1.27314815e+000
 4.00000000e+000 1.00000000e+001 1.47961235e+004 1.04166667e+000
 5.00000000e+000 1.00000000e+001 1.48384149e+004 1.85185185e+000
 6.00000000e+000 1.00000000e+001 1.44506821e+004 1.15740741e+000
 7.00000000e+000 1.00000000e+001 1.53093065e+004 4.62962963e-001
 8.00000000e+000 1.00000000e+001 1.54145371e+004 1.27314815e+000
 9.00000000e+000 1.00000000e+001 1.49672032e+004 2.08333333e+000
 1.00000000e+001 1.00000000e+001 1.57344563e+004 1.15740741e+000
 1.10000000e+001 1.00000000e+001 1.49449362e+004 5.78703704e-001
 1.20000000e+001 1.00000000e+001 1.55465467e+004 1.15740741e+000
 1.30000000e+001 1.00000000e+001 1.55308927e+004 8.10185185e-001
 1.40000000e+001 1.00000000e+001 1.51045095e+004 1.15740741e+000
 1.50000000e+001 1.00000000e+001 1.57441274e+004 8.10185185e-001
 1.60000000e+001 1.00000000e+001 1.54313852e+004 1.04166667e+000
 1.70000000e+001 1.00000000e+001 1.57683718e+004 5.78703704e-001
 1.80000000e+001 1.00000000e+001 1.58226706e+004 1.38888889e+000
 1.90000000e+001 1.00000000e+001 1.59461652e+004 1.04166667e+000
 2.00000000e+001 1.00000000e+001 1.54145771e+004 8.10185185e-001
 2.10000000e+001 1.00000000e+001 1.56648160e+004 3.47222222e-001
 2.20000000e+001 1.00000000e+001 1.53195553e+004 1.15740741e+000
 2.30000000e+001 1.00000000e+001 1.53675657e+004 1.50462963e+000
 2.40000000e+001 1.00000000e+001 1.55981326e+004 8.10185185e-001
 2.50000000e+001 1.00000000e+001 1.55892531e+004 8.10185185e-001
 2.60000000e+001 1.00000000e+001 1.54136177e+004 1.15740741e+000
 2.70000000e+001 1.00000000e+001 1.57614389e+004 8.10185185e-001
 2.80000000e+001 1.00000000e+001 1.57895541e+004 6.94444444e-001
 2.90000000e+001 1.00000000e+001 1.62902678e+004 1.15740741e+000
 3.00000000e+001 1.00000000e+001 1.56684710e+004 1.04166667e+000
 3.10000000e+001 1.00000000e+001 1.61207434e+004 1.73611111e+000
 3.20000000e+001 1.00000000e+001 1.57350113e+004 1.27314815e+000
 3.30000000e+001 1.00000000e+001 1.58867381e+004 1.27314815e+000
 3.40000000e+001 1.00000000e+001 1.56058554e+004 5.78703704e-001
 3.50000000e+001 1.00000000e+001 1.59014239e+004 1.38888889e+000
 3.60000000e+001 1.00000000e+001 1.54522111e+004 1.27314815e+000
 3.70000000e+001 1.00000000e+001 1.59687764e+004 9.25925926e-001
 3.80000000e+001 1.00000000e+001 1.55320808e+004 6.94444444e-001
 3.90000000e+001 1.00000000e+001 1.63103412e+004 1.27314815e+000
 4.00000000e+001 1.00000000e+001 1.60962744e+004 1.04166667e+000
 4.10000000e+001 1.00000000e+001 1.59424976e+004 1.27314815e+000
 4.20000000e+001 1.00000000e+001 1.55872576e+004 6.94444444e-001
 4.30000000e+001 1.00000000e+001 1.58471768e+004 1.27314815e+000
 4.40000000e+001 1.00000000e+001 1.57570781e+004 1.15740741e+000
 4.50000000e+001 1.00000000e+001 1.57667649e+004 1.73611111e+000
 4.60000000e+001 1.00000000e+001 1.58344464e+004 1.04166667e+000
 4.70000000e+001 1.00000000e+001 1.54385519e+004 1.15740741e+000
 4.80000000e+001 1.00000000e+001 1.59854656e+004 8.10185185e-001
 4.90000000e+001 1.00000000e+001 1.53508172e+004 1.50462963e+000
 5.00000000e+001 1.00000000e+001 1.59225804e+004 1.27314815e+000
 5.10000000e+001 1.00000000e+001 1.63918165e+004 1.04166667e+000
 5.20000000e+001 1.00000000e+001 1.58614369e+004 1.38888889e+000
 5.30000000e+001 1.00000000e+001 1.62791366e+004 1.38888889e+000
 5.40000000e+001 1.00000000e+001 1.62315715e+004 1.27314815e+000
 5.50000000e+001 1.00000000e+001 1.58525082e+004 1.15740741e+000
 5.60000000e+001 1.00000000e+001 1.59885807e+004 1.96759259e+000
 5.70000000e+001 1.00000000e+001 1.58059072e+004 1.15740741e+000
 5.80000000e+001 1.00000000e+001 1.59801321e+004 1.15740741e+000
 5.90000000e+001 1.00000000e+001 1.59491720e+004 9.25925926e-001
 6.00000000e+001 1.00000000e+001 1.58821694e+004 1.50462963e+000
 6.10000000e+001 1.00000000e+001 1.56397992e+004 1.04166667e+000
 6.20000000e+001 1.00000000e+001 1.62057218e+004 1.04166667e+000
 6.30000000e+001 1.00000000e+001 1.58833698e+004 1.38888889e+000
 6.40000000e+001 1.00000000e+001 1.61458771e+004 1.38888889e+000
 6.50000000e+001 1.00000000e+001 1.58282883e+004 1.50462963e+000
 6.60000000e+001 1.00000000e+001 1.63033813e+004 1.15740741e+000
 6.70000000e+001 1.00000000e+001 1.61209913e+004 8.10185185e-001
 6.80000000e+001 1.00000000e+001 1.65895138e+004 9.25925926e-001
 6.90000000e+001 1.00000000e+001 1.58880791e+004 1.04166667e+000
 7.00000000e+001 1.00000000e+001 1.58632857e+004 1.38888889e+000
 7.10000000e+001 1.00000000e+001 1.61302168e+004 1.27314815e+000
 7.20000000e+001 1.00000000e+001 1.60618405e+004 1.62037037e+000
 7.30000000e+001 1.00000000e+001 1.68541803e+004 1.04166667e+000
 7.40000000e+001 1.00000000e+001 1.60660885e+004 1.38888889e+000
 7.50000000e+001 1.00000000e+001 1.58630307e+004 5.78703704e-001
 7.60000000e+001 1.00000000e+001 1.60268685e+004 9.25925926e-001
 7.70000000e+001 1.00000000e+001 1.65600017e+004 1.04166667e+000
 7.80000000e+001 1.00000000e+001 1.64786740e+004 5.78703704e-001
 7.90000000e+001 1.00000000e+001 1.62923739e+004 8.10185185e-001
 8.00000000e+001 1.00000000e+001 1.61198706e+004 9.25925926e-001
 8.10000000e+001 1.00000000e+001 1.65281817e+004 1.04166667e+000
 8.20000000e+001 1.00000000e+001 1.68231938e+004 1.38888889e+000
 8.30000000e+001 1.00000000e+001 1.62952251e+004 3.47222222e-001
 8.40000000e+001 1.00000000e+001 1.67441811e+004 6.94444444e-001
 8.50000000e+001 1.00000000e+001 1.57976028e+004 9.25925926e-001
 8.60000000e+001 1.00000000e+001 1.60002790e+004 5.78703704e-001
 8.70000000e+001 1.00000000e+001 1.66019447e+004 5.78703704e-001
 8.80000000e+001 1.00000000e+001 1.65368925e+004 1.04166667e+000
 8.90000000e+001 1.00000000e+001 1.68379237e+004 8.10185185e-001
 9.00000000e+001 1.00000000e+001 1.63644336e+004 1.73611111e+000
 9.10000000e+001 1.00000000e+001 1.62231303e+004 1.04166667e+000
 9.20000000e+001 1.00000000e+001 1.66070857e+004 1.27314815e+000
 9.30000000e+001 1.00000000e+001 1.62149841e+004 9.25925926e-001
 9.40000000e+001 1.00000000e+001 1.61760022e+004 8.10185185e-001
 9.50000000e+001 1.00000000e+001 1.59217572e+004 9.25925926e-001
 9.60000000e+001 1.00000000e+001 1.59813775e+004 4.62962963e-001
 9.70000000e+001 1.00000000e+001 1.68878335e+004 6.94444444e-001
 9.80000000e+001 1.00000000e+001 1.68477281e+004 4.62962963e-001
 9.90000000e+001 1.00000000e+001 1.67094238e+004 5.78703704e-001
 1.00000000e+002 1.00000000e+001 1.63936842e+004 1.27314815e+000
