 2.00000000e+000 5.38000000e+002 7.46527778e+001
 3.00000000e+000 8.48000000e+002 6.93287037e+001
 4.00000000e+000 9.97000000e+002 6.19212963e+001
 5.00000000e+000 1.27680000e+003 5.69444444e+001
 6.00000000e+000 1.44800000e+003 5.38194444e+001
 7.00000000e+000 1.61485714e+003 5.00000000e+001
 8.00000000e+000 1.82250000e+003 4.66435185e+001
 9.00000000e+000 1.99622222e+003 4.28240741e+001
 1.00000000e+001 2.16245714e+003 3.66898148e+001
 1.10000000e+001 2.19968984e+003 3.75000000e+001
 1.20000000e+001 2.39333333e+003 3.27546296e+001
 1.30000000e+001 2.44785425e+003 3.50694444e+001
 1.40000000e+001 2.57034524e+003 2.96296296e+001
 1.50000000e+001 2.65471667e+003 3.00925926e+001
 1.60000000e+001 2.73412500e+003 3.09027778e+001
 1.70000000e+001 2.82243264e+003 3.07870370e+001
 1.80000000e+001 3.11422222e+003 2.50000000e+001
 1.90000000e+001 3.01989474e+003 2.73148148e+001
 2.00000000e+001 3.13505000e+003 2.47685185e+001
 2.10000000e+001 3.29480952e+003 2.45370370e+001
 2.20000000e+001 3.33272078e+003 2.50000000e+001
 2.30000000e+001 3.43604348e+003 2.11805556e+001
 2.40000000e+001 3.42008333e+003 2.32638889e+001
 2.50000000e+001 3.46129231e+003 2.24537037e+001
 2.60000000e+001 3.61898077e+003 2.07175926e+001
 2.70000000e+001 3.70792593e+003 1.90972222e+001
 2.80000000e+001 3.87682418e+003 1.81712963e+001
 2.90000000e+001 3.90997082e+003 1.73611111e+001
 3.00000000e+001 3.96599259e+003 1.56250000e+001
 3.10000000e+001 4.06143826e+003 1.27314815e+001
 3.20000000e+001 3.99762500e+003 1.52777778e+001
 3.30000000e+001 4.00779487e+003 1.58564815e+001
 3.40000000e+001 4.07117647e+003 1.67824074e+001
 3.50000000e+001 4.33653366e+003 1.44675926e+001
 3.60000000e+001 4.35661111e+003 1.57407407e+001
 3.70000000e+001 4.50501514e+003 1.28472222e+001
 3.80000000e+001 4.60622807e+003 1.27314815e+001
 3.90000000e+001 4.51079658e+003 1.27314815e+001
 4.00000000e+001 4.52373750e+003 1.38888889e+001
 4.10000000e+001 4.57803880e+003 1.33101852e+001
 4.20000000e+001 4.73348052e+003 1.33101852e+001
 4.30000000e+001 4.78817120e+003 1.15740741e+001
 4.40000000e+001 4.85058586e+003 1.22685185e+001
 4.50000000e+001 4.84877037e+003 1.14583333e+001
 4.60000000e+001 4.91976458e+003 9.25925926e+000
 4.70000000e+001 4.94003404e+003 9.25925926e+000
 4.80000000e+001 4.92583333e+003 1.16898148e+001
 4.90000000e+001 5.04742500e+003 1.11111111e+001
 5.00000000e+001 5.08011750e+003 1.15740741e+001
 5.10000000e+001 5.13785146e+003 1.04166667e+001
 5.20000000e+001 5.11772161e+003 1.08796296e+001
 5.30000000e+001 5.13804539e+003 1.06481481e+001
 5.40000000e+001 5.16148148e+003 1.06481481e+001
 5.50000000e+001 5.27259188e+003 9.37500000e+000
 5.60000000e+001 5.31077857e+003 9.49074074e+000
 5.70000000e+001 5.37836842e+003 9.25925926e+000
 5.80000000e+001 5.54356865e+003 1.12268519e+001
 5.90000000e+001 5.51293028e+003 1.00694444e+001
 6.00000000e+001 5.51966190e+003 9.25925926e+000
 6.10000000e+001 5.62777465e+003 9.25925926e+000
 6.20000000e+001 5.85616774e+003 7.75462963e+000
 6.30000000e+001 5.87299206e+003 7.63888889e+000
 6.40000000e+001 6.00581250e+003 5.67129630e+000
 6.50000000e+001 6.04132637e+003 5.32407407e+000
 6.60000000e+001 5.98736364e+003 5.55555556e+000
 6.70000000e+001 6.18578164e+003 5.67129630e+000
 6.80000000e+001 6.16532454e+003 5.67129630e+000
 6.90000000e+001 6.13862774e+003 5.67129630e+000
 7.00000000e+001 6.11684316e+003 6.25000000e+000
 7.10000000e+001 6.01185440e+003 7.29166667e+000
 7.20000000e+001 6.03352778e+003 7.29166667e+000
 7.30000000e+001 6.31542404e+003 5.32407407e+000
 7.40000000e+001 6.33876112e+003 5.20833333e+000
 7.50000000e+001 6.31066386e+003 5.09259259e+000
 7.60000000e+001 6.55959008e+003 6.13425926e+000
 7.70000000e+001 6.55831583e+003 6.01851852e+000
 7.80000000e+001 6.38362637e+003 7.63888889e+000
 7.90000000e+001 6.65392306e+003 6.36574074e+000
 8.00000000e+001 6.65907500e+003 6.36574074e+000
 8.10000000e+001 6.92181728e+003 4.51388889e+000
 8.20000000e+001 6.85393999e+003 6.82870370e+000
 8.30000000e+001 6.68535743e+003 4.62962963e+000
 8.40000000e+001 6.68562169e+003 4.62962963e+000
 8.50000000e+001 6.65674343e+003 4.74537037e+000
 8.60000000e+001 6.67069974e+003 4.74537037e+000
 8.70000000e+001 6.97244540e+003 4.74537037e+000
 8.80000000e+001 6.95301250e+003 5.32407407e+000
 8.90000000e+001 6.93066588e+003 5.32407407e+000
 9.00000000e+001 6.90967500e+003 4.86111111e+000
 9.10000000e+001 6.89140789e+003 4.86111111e+000
 9.20000000e+001 6.87063111e+003 4.86111111e+000
 9.30000000e+001 6.86988602e+003 4.86111111e+000
 9.40000000e+001 7.04223252e+003 4.05092593e+000
 9.50000000e+001 7.01890931e+003 4.28240741e+000
 9.60000000e+001 7.02591667e+003 5.55555556e+000
 9.70000000e+001 7.41510671e+003 3.24074074e+000
 9.80000000e+001 7.41150860e+003 3.81944444e+000
 9.90000000e+001 7.42172461e+003 3.58796296e+000
 1.00000000e+002 7.44332683e+003 3.58796296e+000
