 2.00000000e+000 1.00000000e-002 1.24130205e+003 5.26315789e+000
 3.00000000e+000 1.00000000e-002 1.44757891e+003 5.26315789e+000
 4.00000000e+000 1.00000000e-002 1.52315027e+003 5.26315789e+000
 5.00000000e+000 1.00000000e-002 1.50002895e+003 5.26315789e+000
 6.00000000e+000 1.00000000e-002 1.31556426e+003 0.00000000e+000
 7.00000000e+000 1.00000000e-002 1.56353865e+003 1.05263158e+001
 8.00000000e+000 1.00000000e-002 1.69068271e+003 5.26315789e+000
 9.00000000e+000 1.00000000e-002 1.42605656e+003 5.26315789e+000
 1.00000000e+001 1.00000000e-002 1.71299144e+003 5.26315789e+000
 1.10000000e+001 1.00000000e-002 1.80256561e+003 5.26315789e+000
 1.20000000e+001 1.00000000e-002 1.75221530e+003 5.26315789e+000
 1.30000000e+001 1.00000000e-002 1.70987243e+003 5.26315789e+000
 1.40000000e+001 1.00000000e-002 1.81790134e+003 5.26315789e+000
 1.50000000e+001 1.00000000e-002 1.51391720e+003 5.26315789e+000
 1.60000000e+001 1.00000000e-002 1.91591202e+003 0.00000000e+000
 1.70000000e+001 1.00000000e-002 1.65632199e+003 0.00000000e+000
 1.80000000e+001 1.00000000e-002 1.90500986e+003 0.00000000e+000
 1.90000000e+001 1.00000000e-002 1.65587059e+003 5.26315789e+000
 2.00000000e+001 1.00000000e-002 1.72179587e+003 5.26315789e+000
 2.10000000e+001 1.00000000e-002 1.83771658e+003 5.26315789e+000
 2.20000000e+001 1.00000000e-002 1.78155172e+003 5.26315789e+000
 2.30000000e+001 1.00000000e-002 1.86380157e+003 1.05263158e+001
 2.40000000e+001 1.00000000e-002 1.84684847e+003 1.05263158e+001
 2.50000000e+001 1.00000000e-002 1.58007759e+003 5.26315789e+000
 2.60000000e+001 1.00000000e-002 2.06835743e+003 5.26315789e+000
 2.70000000e+001 1.00000000e-002 1.68618428e+003 5.26315789e+000
 2.80000000e+001 1.00000000e-002 1.72972647e+003 5.26315789e+000
 2.90000000e+001 1.00000000e-002 1.84936056e+003 5.26315789e+000
 3.00000000e+001 1.00000000e-002 1.86170906e+003 5.26315789e+000
 3.10000000e+001 1.00000000e-002 1.71519295e+003 5.26315789e+000
 3.20000000e+001 1.00000000e-002 1.83411872e+003 1.05263158e+001
 3.30000000e+001 1.00000000e-002 1.77075061e+003 1.05263158e+001
 3.40000000e+001 1.00000000e-002 1.88966073e+003 5.26315789e+000
 3.50000000e+001 1.00000000e-002 1.62417533e+003 5.26315789e+000
 3.60000000e+001 1.00000000e-002 1.86720083e+003 5.26315789e+000
 3.70000000e+001 1.00000000e-002 1.84380882e+003 5.26315789e+000
 3.80000000e+001 1.00000000e-002 1.79146640e+003 5.26315789e+000
 3.90000000e+001 1.00000000e-002 1.78730940e+003 1.05263158e+001
 4.00000000e+001 1.00000000e-002 1.80080962e+003 5.26315789e+000
 4.10000000e+001 1.00000000e-002 1.74257275e+003 5.26315789e+000
 4.20000000e+001 1.00000000e-002 1.84532792e+003 1.05263158e+001
 4.30000000e+001 1.00000000e-002 1.80157929e+003 5.26315789e+000
 4.40000000e+001 1.00000000e-002 1.87268995e+003 5.26315789e+000
 4.50000000e+001 1.00000000e-002 1.55346791e+003 5.26315789e+000
 4.60000000e+001 1.00000000e-002 1.93051641e+003 1.05263158e+001
 4.70000000e+001 1.00000000e-002 1.87903669e+003 5.26315789e+000
 4.80000000e+001 1.00000000e-002 1.81161362e+003 1.05263158e+001
 4.90000000e+001 1.00000000e-002 1.79029434e+003 0.00000000e+000
 5.00000000e+001 1.00000000e-002 1.94866245e+003 0.00000000e+000
 5.10000000e+001 1.00000000e-002 1.79035356e+003 0.00000000e+000
 5.20000000e+001 1.00000000e-002 1.81959534e+003 5.26315789e+000
 5.30000000e+001 1.00000000e-002 1.64129026e+003 1.57894737e+001
 5.40000000e+001 1.00000000e-002 1.77685563e+003 1.05263158e+001
 5.50000000e+001 1.00000000e-002 1.54302379e+003 5.26315789e+000
 5.60000000e+001 1.00000000e-002 1.67883434e+003 0.00000000e+000
 5.70000000e+001 1.00000000e-002 1.89849725e+003 0.00000000e+000
 5.80000000e+001 1.00000000e-002 1.61437586e+003 1.05263158e+001
 5.90000000e+001 1.00000000e-002 1.79302188e+003 0.00000000e+000
 6.00000000e+001 1.00000000e-002 1.55945327e+003 1.05263158e+001
 6.10000000e+001 1.00000000e-002 1.91271165e+003 5.26315789e+000
 6.20000000e+001 1.00000000e-002 1.86526490e+003 5.26315789e+000
 6.30000000e+001 1.00000000e-002 1.53581714e+003 5.26315789e+000
 6.40000000e+001 1.00000000e-002 1.79511102e+003 5.26315789e+000
 6.50000000e+001 1.00000000e-002 1.60477571e+003 5.26315789e+000
 6.60000000e+001 1.00000000e-002 1.97502319e+003 5.26315789e+000
 6.70000000e+001 1.00000000e-002 1.77933444e+003 0.00000000e+000
 6.80000000e+001 1.00000000e-002 1.87301010e+003 5.26315789e+000
 6.90000000e+001 1.00000000e-002 1.73288937e+003 5.26315789e+000
 7.00000000e+001 1.00000000e-002 1.87697334e+003 5.26315789e+000
 7.10000000e+001 1.00000000e-002 1.65849639e+003 5.26315789e+000
 7.20000000e+001 1.00000000e-002 1.79023020e+003 5.26315789e+000
 7.30000000e+001 1.00000000e-002 2.07917436e+003 5.26315789e+000
 7.40000000e+001 1.00000000e-002 1.52224575e+003 1.05263158e+001
 7.50000000e+001 1.00000000e-002 1.63876816e+003 5.26315789e+000
 7.60000000e+001 1.00000000e-002 1.94263359e+003 5.26315789e+000
 7.70000000e+001 1.00000000e-002 1.42017650e+003 5.26315789e+000
 7.80000000e+001 1.00000000e-002 1.82577685e+003 5.26315789e+000
 7.90000000e+001 1.00000000e-002 1.78010013e+003 1.05263158e+001
 8.00000000e+001 1.00000000e-002 1.60516051e+003 5.26315789e+000
 8.10000000e+001 1.00000000e-002 2.00680522e+003 5.26315789e+000
 8.20000000e+001 1.00000000e-002 1.93058220e+003 0.00000000e+000
 8.30000000e+001 1.00000000e-002 1.97204562e+003 0.00000000e+000
 8.40000000e+001 1.00000000e-002 1.69937888e+003 0.00000000e+000
 8.50000000e+001 1.00000000e-002 1.90708421e+003 0.00000000e+000
 8.60000000e+001 1.00000000e-002 1.94529395e+003 5.26315789e+000
 8.70000000e+001 1.00000000e-002 1.50133245e+003 5.26315789e+000
 8.80000000e+001 1.00000000e-002 1.73751105e+003 5.26315789e+000
 8.90000000e+001 1.00000000e-002 1.85001981e+003 5.26315789e+000
 9.00000000e+001 1.00000000e-002 1.64562562e+003 5.26315789e+000
 9.10000000e+001 1.00000000e-002 1.89638989e+003 5.26315789e+000
 9.20000000e+001 1.00000000e-002 1.88742923e+003 5.26315789e+000
 9.30000000e+001 1.00000000e-002 1.63708824e+003 0.00000000e+000
 9.40000000e+001 1.00000000e-002 1.85889449e+003 0.00000000e+000
 9.50000000e+001 1.00000000e-002 1.93837591e+003 5.26315789e+000
 9.60000000e+001 1.00000000e-002 1.99908065e+003 5.26315789e+000
 9.70000000e+001 1.00000000e-002 1.76782743e+003 0.00000000e+000
 9.80000000e+001 1.00000000e-002 1.89006856e+003 0.00000000e+000
 9.90000000e+001 1.00000000e-002 1.74040316e+003 5.26315789e+000
 1.00000000e+002 1.00000000e-002 1.83788017e+003 5.26315789e+000
 2.00000000e+000 1.00000000e-001 1.43012929e+003 5.26315789e+000
 3.00000000e+000 1.00000000e-001 1.50463324e+003 0.00000000e+000
 4.00000000e+000 1.00000000e-001 1.56537650e+003 5.26315789e+000
 5.00000000e+000 1.00000000e-001 1.60488151e+003 5.26315789e+000
 6.00000000e+000 1.00000000e-001 1.47775276e+003 5.26315789e+000
 7.00000000e+000 1.00000000e-001 1.81186793e+003 5.26315789e+000
 8.00000000e+000 1.00000000e-001 1.52176458e+003 0.00000000e+000
 9.00000000e+000 1.00000000e-001 1.44069438e+003 0.00000000e+000
 1.00000000e+001 1.00000000e-001 1.70665086e+003 0.00000000e+000
 1.10000000e+001 1.00000000e-001 1.79473985e+003 5.26315789e+000
 1.20000000e+001 1.00000000e-001 2.16974100e+003 1.05263158e+001
 1.30000000e+001 1.00000000e-001 1.74534410e+003 1.05263158e+001
 1.40000000e+001 1.00000000e-001 1.95026784e+003 5.26315789e+000
 1.50000000e+001 1.00000000e-001 1.57735133e+003 5.26315789e+000
 1.60000000e+001 1.00000000e-001 1.41104790e+003 5.26315789e+000
 1.70000000e+001 1.00000000e-001 1.87966877e+003 0.00000000e+000
 1.80000000e+001 1.00000000e-001 1.43527142e+003 5.26315789e+000
 1.90000000e+001 1.00000000e-001 1.79482993e+003 0.00000000e+000
 2.00000000e+001 1.00000000e-001 1.84224401e+003 0.00000000e+000
 2.10000000e+001 1.00000000e-001 1.74178911e+003 1.05263158e+001
 2.20000000e+001 1.00000000e-001 1.91201717e+003 5.26315789e+000
 2.30000000e+001 1.00000000e-001 1.71066618e+003 0.00000000e+000
 2.40000000e+001 1.00000000e-001 1.62300215e+003 1.05263158e+001
 2.50000000e+001 1.00000000e-001 1.66264493e+003 1.05263158e+001
 2.60000000e+001 1.00000000e-001 1.83254686e+003 5.26315789e+000
 2.70000000e+001 1.00000000e-001 1.82720212e+003 5.26315789e+000
 2.80000000e+001 1.00000000e-001 1.59099615e+003 5.26315789e+000
 2.90000000e+001 1.00000000e-001 1.88833067e+003 5.26315789e+000
 3.00000000e+001 1.00000000e-001 1.88460179e+003 5.26315789e+000
 3.10000000e+001 1.00000000e-001 1.73712280e+003 5.26315789e+000
 3.20000000e+001 1.00000000e-001 1.70906807e+003 1.05263158e+001
 3.30000000e+001 1.00000000e-001 1.50394077e+003 5.26315789e+000
 3.40000000e+001 1.00000000e-001 1.27469099e+003 5.26315789e+000
 3.50000000e+001 1.00000000e-001 1.48602493e+003 0.00000000e+000
 3.60000000e+001 1.00000000e-001 2.03877802e+003 5.26315789e+000
 3.70000000e+001 1.00000000e-001 1.68897974e+003 5.26315789e+000
 3.80000000e+001 1.00000000e-001 1.38721377e+003 1.05263158e+001
 3.90000000e+001 1.00000000e-001 1.74515660e+003 0.00000000e+000
 4.00000000e+001 1.00000000e-001 1.79291471e+003 5.26315789e+000
 4.10000000e+001 1.00000000e-001 1.81141694e+003 5.26315789e+000
 4.20000000e+001 1.00000000e-001 1.90972739e+003 5.26315789e+000
 4.30000000e+001 1.00000000e-001 1.73758153e+003 5.26315789e+000
 4.40000000e+001 1.00000000e-001 1.75987745e+003 1.05263158e+001
 4.50000000e+001 1.00000000e-001 1.85130799e+003 5.26315789e+000
 4.60000000e+001 1.00000000e-001 1.68979020e+003 5.26315789e+000
 4.70000000e+001 1.00000000e-001 1.84287000e+003 5.26315789e+000
 4.80000000e+001 1.00000000e-001 1.56997989e+003 5.26315789e+000
 4.90000000e+001 1.00000000e-001 1.60540123e+003 5.26315789e+000
 5.00000000e+001 1.00000000e-001 2.00657516e+003 5.26315789e+000
 5.10000000e+001 1.00000000e-001 1.67374069e+003 5.26315789e+000
 5.20000000e+001 1.00000000e-001 1.57400696e+003 5.26315789e+000
 5.30000000e+001 1.00000000e-001 1.86760150e+003 5.26315789e+000
 5.40000000e+001 1.00000000e-001 1.62188079e+003 1.05263158e+001
 5.50000000e+001 1.00000000e-001 1.90113942e+003 5.26315789e+000
 5.60000000e+001 1.00000000e-001 1.76171793e+003 1.05263158e+001
 5.70000000e+001 1.00000000e-001 1.79295416e+003 0.00000000e+000
 5.80000000e+001 1.00000000e-001 2.01881166e+003 5.26315789e+000
 5.90000000e+001 1.00000000e-001 1.74172540e+003 5.26315789e+000
 6.00000000e+001 1.00000000e-001 1.79142396e+003 5.26315789e+000
 6.10000000e+001 1.00000000e-001 1.95348914e+003 1.05263158e+001
 6.20000000e+001 1.00000000e-001 1.95566605e+003 5.26315789e+000
 6.30000000e+001 1.00000000e-001 1.80193106e+003 0.00000000e+000
 6.40000000e+001 1.00000000e-001 1.74640218e+003 5.26315789e+000
 6.50000000e+001 1.00000000e-001 1.75879477e+003 5.26315789e+000
 6.60000000e+001 1.00000000e-001 1.91496126e+003 5.26315789e+000
 6.70000000e+001 1.00000000e-001 1.58575222e+003 5.26315789e+000
 6.80000000e+001 1.00000000e-001 1.73000423e+003 5.26315789e+000
 6.90000000e+001 1.00000000e-001 1.69698193e+003 5.26315789e+000
 7.00000000e+001 1.00000000e-001 1.71484567e+003 5.26315789e+000
 7.10000000e+001 1.00000000e-001 1.58726013e+003 5.26315789e+000
 7.20000000e+001 1.00000000e-001 1.69144209e+003 5.26315789e+000
 7.30000000e+001 1.00000000e-001 1.81598078e+003 5.26315789e+000
 7.40000000e+001 1.00000000e-001 1.51218617e+003 0.00000000e+000
 7.50000000e+001 1.00000000e-001 1.75729266e+003 0.00000000e+000
 7.60000000e+001 1.00000000e-001 1.53686814e+003 1.57894737e+001
 7.70000000e+001 1.00000000e-001 1.64580696e+003 0.00000000e+000
 7.80000000e+001 1.00000000e-001 1.79526601e+003 0.00000000e+000
 7.90000000e+001 1.00000000e-001 1.68950331e+003 0.00000000e+000
 8.00000000e+001 1.00000000e-001 1.71558941e+003 5.26315789e+000
 8.10000000e+001 1.00000000e-001 1.83185188e+003 5.26315789e+000
 8.20000000e+001 1.00000000e-001 1.60578911e+003 5.26315789e+000
 8.30000000e+001 1.00000000e-001 1.42194851e+003 5.26315789e+000
 8.40000000e+001 1.00000000e-001 1.96537742e+003 0.00000000e+000
 8.50000000e+001 1.00000000e-001 1.61748694e+003 0.00000000e+000
 8.60000000e+001 1.00000000e-001 1.66900576e+003 1.05263158e+001
 8.70000000e+001 1.00000000e-001 1.77825341e+003 5.26315789e+000
 8.80000000e+001 1.00000000e-001 1.37298357e+003 1.05263158e+001
 8.90000000e+001 1.00000000e-001 1.74751829e+003 5.26315789e+000
 9.00000000e+001 1.00000000e-001 1.58977503e+003 1.05263158e+001
 9.10000000e+001 1.00000000e-001 1.79310647e+003 5.26315789e+000
 9.20000000e+001 1.00000000e-001 1.82561428e+003 5.26315789e+000
 9.30000000e+001 1.00000000e-001 1.58824397e+003 5.26315789e+000
 9.40000000e+001 1.00000000e-001 1.46749335e+003 0.00000000e+000
 9.50000000e+001 1.00000000e-001 1.82510979e+003 5.26315789e+000
 9.60000000e+001 1.00000000e-001 1.50862015e+003 5.26315789e+000
 9.70000000e+001 1.00000000e-001 1.73184177e+003 5.26315789e+000
 9.80000000e+001 1.00000000e-001 1.86051462e+003 0.00000000e+000
 9.90000000e+001 1.00000000e-001 1.38402334e+003 5.26315789e+000
 1.00000000e+002 1.00000000e-001 1.75779731e+003 5.26315789e+000
 2.00000000e+000 1.00000000e+000 1.21666766e+003 5.26315789e+000
 3.00000000e+000 1.00000000e+000 1.03406377e+003 1.05263158e+001
 4.00000000e+000 1.00000000e+000 1.05681994e+003 5.26315789e+000
 5.00000000e+000 1.00000000e+000 1.20847138e+003 1.05263158e+001
 6.00000000e+000 1.00000000e+000 1.25057459e+003 1.05263158e+001
 7.00000000e+000 1.00000000e+000 1.58324943e+003 5.26315789e+000
 8.00000000e+000 1.00000000e+000 1.28588715e+003 1.05263158e+001
 9.00000000e+000 1.00000000e+000 1.32077959e+003 5.26315789e+000
 1.00000000e+001 1.00000000e+000 1.62964379e+003 0.00000000e+000
 1.10000000e+001 1.00000000e+000 1.50941482e+003 1.05263158e+001
 1.20000000e+001 1.00000000e+000 1.78663163e+003 5.26315789e+000
 1.30000000e+001 1.00000000e+000 1.81691125e+003 5.26315789e+000
 1.40000000e+001 1.00000000e+000 1.65211367e+003 0.00000000e+000
 1.50000000e+001 1.00000000e+000 1.40306448e+003 5.26315789e+000
 1.60000000e+001 1.00000000e+000 1.54402534e+003 5.26315789e+000
 1.70000000e+001 1.00000000e+000 1.66767116e+003 0.00000000e+000
 1.80000000e+001 1.00000000e+000 1.34849287e+003 5.26315789e+000
 1.90000000e+001 1.00000000e+000 1.61676782e+003 5.26315789e+000
 2.00000000e+001 1.00000000e+000 1.34993935e+003 5.26315789e+000
 2.10000000e+001 1.00000000e+000 1.57927684e+003 0.00000000e+000
 2.20000000e+001 1.00000000e+000 1.35161169e+003 5.26315789e+000
 2.30000000e+001 1.00000000e+000 1.62415114e+003 5.26315789e+000
 2.40000000e+001 1.00000000e+000 1.57617697e+003 5.26315789e+000
 2.50000000e+001 1.00000000e+000 1.47219926e+003 5.26315789e+000
 2.60000000e+001 1.00000000e+000 1.57068269e+003 5.26315789e+000
 2.70000000e+001 1.00000000e+000 1.63606188e+003 1.05263158e+001
 2.80000000e+001 1.00000000e+000 1.31234743e+003 5.26315789e+000
 2.90000000e+001 1.00000000e+000 1.38268113e+003 1.05263158e+001
 3.00000000e+001 1.00000000e+000 1.48776311e+003 5.26315789e+000
 3.10000000e+001 1.00000000e+000 1.43385751e+003 5.26315789e+000
 3.20000000e+001 1.00000000e+000 1.47340806e+003 0.00000000e+000
 3.30000000e+001 1.00000000e+000 1.32079819e+003 5.26315789e+000
 3.40000000e+001 1.00000000e+000 1.46024142e+003 5.26315789e+000
 3.50000000e+001 1.00000000e+000 1.68764867e+003 5.26315789e+000
 3.60000000e+001 1.00000000e+000 1.51776905e+003 1.05263158e+001
 3.70000000e+001 1.00000000e+000 1.56123166e+003 5.26315789e+000
 3.80000000e+001 1.00000000e+000 1.41604080e+003 5.26315789e+000
 3.90000000e+001 1.00000000e+000 1.66683771e+003 5.26315789e+000
 4.00000000e+001 1.00000000e+000 1.43020603e+003 0.00000000e+000
 4.10000000e+001 1.00000000e+000 1.44366183e+003 5.26315789e+000
 4.20000000e+001 1.00000000e+000 1.55507335e+003 1.05263158e+001
 4.30000000e+001 1.00000000e+000 1.68202983e+003 5.26315789e+000
 4.40000000e+001 1.00000000e+000 1.45582567e+003 5.26315789e+000
 4.50000000e+001 1.00000000e+000 1.53040246e+003 1.05263158e+001
 4.60000000e+001 1.00000000e+000 1.63593626e+003 5.26315789e+000
 4.70000000e+001 1.00000000e+000 1.34692833e+003 1.05263158e+001
 4.80000000e+001 1.00000000e+000 1.41332577e+003 5.26315789e+000
 4.90000000e+001 1.00000000e+000 1.42266930e+003 5.26315789e+000
 5.00000000e+001 1.00000000e+000 1.66319301e+003 5.26315789e+000
 5.10000000e+001 1.00000000e+000 1.36554139e+003 5.26315789e+000
 5.20000000e+001 1.00000000e+000 1.42154563e+003 0.00000000e+000
 5.30000000e+001 1.00000000e+000 1.44151486e+003 1.05263158e+001
 5.40000000e+001 1.00000000e+000 1.59935488e+003 1.05263158e+001
 5.50000000e+001 1.00000000e+000 1.19531608e+003 5.26315789e+000
 5.60000000e+001 1.00000000e+000 1.39659884e+003 1.05263158e+001
 5.70000000e+001 1.00000000e+000 1.48036398e+003 5.26315789e+000
 5.80000000e+001 1.00000000e+000 1.47000119e+003 5.26315789e+000
 5.90000000e+001 1.00000000e+000 1.69405174e+003 5.26315789e+000
 6.00000000e+001 1.00000000e+000 1.39289174e+003 0.00000000e+000
 6.10000000e+001 1.00000000e+000 1.45368707e+003 5.26315789e+000
 6.20000000e+001 1.00000000e+000 1.26790423e+003 0.00000000e+000
 6.30000000e+001 1.00000000e+000 1.41067851e+003 5.26315789e+000
 6.40000000e+001 1.00000000e+000 1.42328688e+003 0.00000000e+000
 6.50000000e+001 1.00000000e+000 1.27761628e+003 1.05263158e+001
 6.60000000e+001 1.00000000e+000 1.65862234e+003 5.26315789e+000
 6.70000000e+001 1.00000000e+000 1.61301435e+003 0.00000000e+000
 6.80000000e+001 1.00000000e+000 1.82468138e+003 1.57894737e+001
 6.90000000e+001 1.00000000e+000 1.38874171e+003 1.05263158e+001
 7.00000000e+001 1.00000000e+000 1.53373811e+003 5.26315789e+000
 7.10000000e+001 1.00000000e+000 1.36083156e+003 5.26315789e+000
 7.20000000e+001 1.00000000e+000 1.35179227e+003 0.00000000e+000
 7.30000000e+001 1.00000000e+000 1.63985819e+003 1.05263158e+001
 7.40000000e+001 1.00000000e+000 1.35931951e+003 5.26315789e+000
 7.50000000e+001 1.00000000e+000 1.66535053e+003 5.26315789e+000
 7.60000000e+001 1.00000000e+000 1.61347926e+003 5.26315789e+000
 7.70000000e+001 1.00000000e+000 1.34942701e+003 5.26315789e+000
 7.80000000e+001 1.00000000e+000 1.50965197e+003 5.26315789e+000
 7.90000000e+001 1.00000000e+000 1.29416779e+003 5.26315789e+000
 8.00000000e+001 1.00000000e+000 1.54299922e+003 5.26315789e+000
 8.10000000e+001 1.00000000e+000 1.68301981e+003 0.00000000e+000
 8.20000000e+001 1.00000000e+000 1.67565062e+003 0.00000000e+000
 8.30000000e+001 1.00000000e+000 1.68440177e+003 0.00000000e+000
 8.40000000e+001 1.00000000e+000 1.48458789e+003 5.26315789e+000
 8.50000000e+001 1.00000000e+000 1.60418077e+003 5.26315789e+000
 8.60000000e+001 1.00000000e+000 1.68231359e+003 5.26315789e+000
 8.70000000e+001 1.00000000e+000 1.61864692e+003 1.05263158e+001
 8.80000000e+001 1.00000000e+000 1.16003682e+003 1.57894737e+001
 8.90000000e+001 1.00000000e+000 1.47957873e+003 5.26315789e+000
 9.00000000e+001 1.00000000e+000 1.70626614e+003 0.00000000e+000
 9.10000000e+001 1.00000000e+000 1.63638076e+003 5.26315789e+000
 9.20000000e+001 1.00000000e+000 1.30083213e+003 5.26315789e+000
 9.30000000e+001 1.00000000e+000 1.60997139e+003 0.00000000e+000
 9.40000000e+001 1.00000000e+000 1.70615425e+003 0.00000000e+000
 9.50000000e+001 1.00000000e+000 1.48097307e+003 5.26315789e+000
 9.60000000e+001 1.00000000e+000 1.46614780e+003 5.26315789e+000
 9.70000000e+001 1.00000000e+000 1.60968083e+003 5.26315789e+000
 9.80000000e+001 1.00000000e+000 1.80234433e+003 5.26315789e+000
 9.90000000e+001 1.00000000e+000 1.59782452e+003 0.00000000e+000
 1.00000000e+002 1.00000000e+000 1.43569496e+003 5.26315789e+000
 2.00000000e+000 1.00000000e+001 3.24082789e+002 2.10526316e+001
 3.00000000e+000 1.00000000e+001 3.31241802e+002 1.05263158e+001
 4.00000000e+000 1.00000000e+001 3.88904393e+002 1.57894737e+001
 5.00000000e+000 1.00000000e+001 4.05326042e+002 5.26315789e+000
 6.00000000e+000 1.00000000e+001 3.77214551e+002 2.10526316e+001
 7.00000000e+000 1.00000000e+001 4.98584347e+002 5.26315789e+000
 8.00000000e+000 1.00000000e+001 3.81263830e+002 1.57894737e+001
 9.00000000e+000 1.00000000e+001 4.54642479e+002 0.00000000e+000
 1.00000000e+001 1.00000000e+001 5.87550005e+002 0.00000000e+000
 1.10000000e+001 1.00000000e+001 6.33189403e+002 5.26315789e+000
 1.20000000e+001 1.00000000e+001 6.06447626e+002 1.05263158e+001
 1.30000000e+001 1.00000000e+001 5.70563964e+002 5.26315789e+000
 1.40000000e+001 1.00000000e+001 5.86659925e+002 5.26315789e+000
 1.50000000e+001 1.00000000e+001 5.57201611e+002 5.26315789e+000
 1.60000000e+001 1.00000000e+001 6.46612671e+002 0.00000000e+000
 1.70000000e+001 1.00000000e+001 5.65616395e+002 1.05263158e+001
 1.80000000e+001 1.00000000e+001 5.83020516e+002 0.00000000e+000
 1.90000000e+001 1.00000000e+001 5.78444324e+002 5.26315789e+000
 2.00000000e+001 1.00000000e+001 5.93669991e+002 1.05263158e+001
 2.10000000e+001 1.00000000e+001 5.91742677e+002 5.26315789e+000
 2.20000000e+001 1.00000000e+001 5.55391698e+002 1.05263158e+001
 2.30000000e+001 1.00000000e+001 6.45365830e+002 5.26315789e+000
 2.40000000e+001 1.00000000e+001 6.08220063e+002 1.05263158e+001
 2.50000000e+001 1.00000000e+001 5.75424490e+002 1.57894737e+001
 2.60000000e+001 1.00000000e+001 5.74024444e+002 1.05263158e+001
 2.70000000e+001 1.00000000e+001 5.34774927e+002 1.05263158e+001
 2.80000000e+001 1.00000000e+001 5.68557369e+002 0.00000000e+000
 2.90000000e+001 1.00000000e+001 5.99422548e+002 0.00000000e+000
 3.00000000e+001 1.00000000e+001 5.51364034e+002 5.26315789e+000
 3.10000000e+001 1.00000000e+001 6.25131003e+002 5.26315789e+000
 3.20000000e+001 1.00000000e+001 6.42139103e+002 0.00000000e+000
 3.30000000e+001 1.00000000e+001 6.65193407e+002 5.26315789e+000
 3.40000000e+001 1.00000000e+001 5.88223885e+002 1.05263158e+001
 3.50000000e+001 1.00000000e+001 6.07806545e+002 1.57894737e+001
 3.60000000e+001 1.00000000e+001 5.50122483e+002 0.00000000e+000
 3.70000000e+001 1.00000000e+001 6.25454464e+002 5.26315789e+000
 3.80000000e+001 1.00000000e+001 5.98704884e+002 0.00000000e+000
 3.90000000e+001 1.00000000e+001 5.86753161e+002 5.26315789e+000
 4.00000000e+001 1.00000000e+001 6.37637730e+002 5.26315789e+000
 4.10000000e+001 1.00000000e+001 5.90242243e+002 0.00000000e+000
 4.20000000e+001 1.00000000e+001 4.74719850e+002 5.26315789e+000
 4.30000000e+001 1.00000000e+001 5.35344341e+002 5.26315789e+000
 4.40000000e+001 1.00000000e+001 4.92662608e+002 5.26315789e+000
 4.50000000e+001 1.00000000e+001 4.82598868e+002 0.00000000e+000
 4.60000000e+001 1.00000000e+001 5.53712138e+002 1.05263158e+001
 4.70000000e+001 1.00000000e+001 5.86798111e+002 1.05263158e+001
 4.80000000e+001 1.00000000e+001 6.14131932e+002 0.00000000e+000
 4.90000000e+001 1.00000000e+001 4.78012548e+002 1.05263158e+001
 5.00000000e+001 1.00000000e+001 5.92868124e+002 1.05263158e+001
 5.10000000e+001 1.00000000e+001 6.05523726e+002 5.26315789e+000
 5.20000000e+001 1.00000000e+001 4.72439199e+002 5.26315789e+000
 5.30000000e+001 1.00000000e+001 5.72603016e+002 5.26315789e+000
 5.40000000e+001 1.00000000e+001 5.48828397e+002 5.26315789e+000
 5.50000000e+001 1.00000000e+001 5.43673656e+002 0.00000000e+000
 5.60000000e+001 1.00000000e+001 5.09016710e+002 0.00000000e+000
 5.70000000e+001 1.00000000e+001 5.30376287e+002 0.00000000e+000
 5.80000000e+001 1.00000000e+001 4.65226490e+002 0.00000000e+000
 5.90000000e+001 1.00000000e+001 5.44779337e+002 0.00000000e+000
 6.00000000e+001 1.00000000e+001 6.37420818e+002 0.00000000e+000
 6.10000000e+001 1.00000000e+001 6.49310701e+002 5.26315789e+000
 6.20000000e+001 1.00000000e+001 5.66849804e+002 0.00000000e+000
 6.30000000e+001 1.00000000e+001 5.92195694e+002 0.00000000e+000
 6.40000000e+001 1.00000000e+001 5.74512624e+002 1.05263158e+001
 6.50000000e+001 1.00000000e+001 5.39507900e+002 5.26315789e+000
 6.60000000e+001 1.00000000e+001 6.14122433e+002 0.00000000e+000
 6.70000000e+001 1.00000000e+001 5.53324128e+002 5.26315789e+000
 6.80000000e+001 1.00000000e+001 6.88332670e+002 1.05263158e+001
 6.90000000e+001 1.00000000e+001 6.82401817e+002 0.00000000e+000
 7.00000000e+001 1.00000000e+001 5.77009699e+002 0.00000000e+000
 7.10000000e+001 1.00000000e+001 6.58559732e+002 1.05263158e+001
 7.20000000e+001 1.00000000e+001 4.87843622e+002 0.00000000e+000
 7.30000000e+001 1.00000000e+001 6.19513904e+002 0.00000000e+000
 7.40000000e+001 1.00000000e+001 6.29934835e+002 1.05263158e+001
 7.50000000e+001 1.00000000e+001 5.99986174e+002 0.00000000e+000
 7.60000000e+001 1.00000000e+001 5.52239253e+002 0.00000000e+000
 7.70000000e+001 1.00000000e+001 6.42777602e+002 0.00000000e+000
 7.80000000e+001 1.00000000e+001 5.59480521e+002 5.26315789e+000
 7.90000000e+001 1.00000000e+001 5.76113106e+002 1.57894737e+001
 8.00000000e+001 1.00000000e+001 5.39466193e+002 0.00000000e+000
 8.10000000e+001 1.00000000e+001 5.29126415e+002 1.05263158e+001
 8.20000000e+001 1.00000000e+001 5.48503158e+002 5.26315789e+000
 8.30000000e+001 1.00000000e+001 5.48445453e+002 5.26315789e+000
 8.40000000e+001 1.00000000e+001 6.31571136e+002 0.00000000e+000
 8.50000000e+001 1.00000000e+001 6.04792849e+002 1.05263158e+001
 8.60000000e+001 1.00000000e+001 5.97002748e+002 0.00000000e+000
 8.70000000e+001 1.00000000e+001 6.82196703e+002 5.26315789e+000
 8.80000000e+001 1.00000000e+001 6.32173301e+002 0.00000000e+000
 8.90000000e+001 1.00000000e+001 6.43388301e+002 0.00000000e+000
 9.00000000e+001 1.00000000e+001 4.93578457e+002 0.00000000e+000
 9.10000000e+001 1.00000000e+001 5.71187126e+002 0.00000000e+000
 9.20000000e+001 1.00000000e+001 6.98025537e+002 5.26315789e+000
 9.30000000e+001 1.00000000e+001 5.96639995e+002 5.26315789e+000
 9.40000000e+001 1.00000000e+001 6.14731657e+002 1.05263158e+001
 9.50000000e+001 1.00000000e+001 5.27618239e+002 1.05263158e+001
 9.60000000e+001 1.00000000e+001 5.64255132e+002 5.26315789e+000
 9.70000000e+001 1.00000000e+001 4.69346904e+002 1.05263158e+001
 9.80000000e+001 1.00000000e+001 5.68808731e+002 0.00000000e+000
 9.90000000e+001 1.00000000e+001 5.90102736e+002 0.00000000e+000
 1.00000000e+002 1.00000000e+001 5.78026867e+002 0.00000000e+000
