 2.00000000e+000 5.16000000e+002 7.53472222e+001
 3.00000000e+000 8.53333333e+002 6.89814815e+001
 4.00000000e+000 1.00950000e+003 6.13425926e+001
 5.00000000e+000 1.28120000e+003 5.69444444e+001
 6.00000000e+000 1.43433333e+003 5.24305556e+001
 7.00000000e+000 1.58857143e+003 5.00000000e+001
 8.00000000e+000 1.80750000e+003 4.60648148e+001
 9.00000000e+000 2.00777778e+003 4.27083333e+001
 1.00000000e+001 2.11505714e+003 3.95833333e+001
 1.10000000e+001 2.23114439e+003 3.36805556e+001
 1.20000000e+001 2.38283333e+003 3.47222222e+001
 1.30000000e+001 2.42762753e+003 3.36805556e+001
 1.40000000e+001 2.55916667e+003 3.07870370e+001
 1.50000000e+001 2.63733333e+003 2.93981481e+001
 1.60000000e+001 2.72450000e+003 3.28703704e+001
 1.70000000e+001 2.82477419e+003 3.14814815e+001
 1.80000000e+001 3.12388889e+003 2.38425926e+001
 1.90000000e+001 3.02098496e+003 2.69675926e+001
 2.00000000e+001 3.15018333e+003 2.52314815e+001
 2.10000000e+001 3.33714286e+003 2.41898148e+001
 2.20000000e+001 3.38205195e+003 2.17592593e+001
 2.30000000e+001 3.43160870e+003 2.08333333e+001
 2.40000000e+001 3.44741667e+003 2.37268519e+001
 2.50000000e+001 3.45764923e+003 2.24537037e+001
 2.60000000e+001 3.61898077e+003 2.07175926e+001
 2.70000000e+001 3.72022222e+003 1.86342593e+001
 2.80000000e+001 3.87020330e+003 1.87500000e+001
 2.90000000e+001 3.92106101e+003 1.71296296e+001
 3.00000000e+001 3.96559259e+003 1.56250000e+001
 3.10000000e+001 4.05982536e+003 1.33101852e+001
 3.20000000e+001 4.00350000e+003 1.53935185e+001
 3.30000000e+001 4.00778089e+003 1.57407407e+001
 3.40000000e+001 4.07117647e+003 1.67824074e+001
 3.50000000e+001 4.35593705e+003 1.43518519e+001
 3.60000000e+001 4.35177778e+003 1.57407407e+001
 3.70000000e+001 4.50776324e+003 1.40046296e+001
 3.80000000e+001 4.60622807e+003 1.27314815e+001
 3.90000000e+001 4.51079658e+003 1.27314815e+001
 4.00000000e+001 4.52874375e+003 1.38888889e+001
 4.10000000e+001 4.57803880e+003 1.33101852e+001
 4.20000000e+001 4.74370563e+003 1.16898148e+001
 4.30000000e+001 4.78454330e+003 1.15740741e+001
 4.40000000e+001 4.84844949e+003 1.22685185e+001
 4.50000000e+001 4.84841481e+003 1.14583333e+001
 4.60000000e+001 4.92232980e+003 9.25925926e+000
 4.70000000e+001 4.94003404e+003 9.25925926e+000
 4.80000000e+001 4.93283333e+003 1.18055556e+001
 4.90000000e+001 5.04742500e+003 1.11111111e+001
 5.00000000e+001 5.08011750e+003 1.15740741e+001
 5.10000000e+001 5.13367083e+003 1.04166667e+001
 5.20000000e+001 5.12218315e+003 1.08796296e+001
 5.30000000e+001 5.14061799e+003 1.06481481e+001
 5.40000000e+001 5.18140741e+003 1.06481481e+001
 5.50000000e+001 5.27357137e+003 9.37500000e+000
 5.60000000e+001 5.31366786e+003 1.00694444e+001
 5.70000000e+001 5.38156140e+003 9.25925926e+000
 5.80000000e+001 5.52692790e+003 1.12268519e+001
 5.90000000e+001 5.51293028e+003 1.00694444e+001
 6.00000000e+001 5.52339524e+003 9.25925926e+000
 6.10000000e+001 5.63131563e+003 9.14351852e+000
 6.20000000e+001 5.86007097e+003 7.63888889e+000
 6.30000000e+001 5.87299206e+003 7.63888889e+000
 6.40000000e+001 6.00581250e+003 5.67129630e+000
 6.50000000e+001 6.04249560e+003 5.32407407e+000
 6.60000000e+001 5.98736364e+003 5.55555556e+000
 6.70000000e+001 6.17962651e+003 5.55555556e+000
 6.80000000e+001 6.15929513e+003 5.67129630e+000
 6.90000000e+001 6.13862774e+003 5.67129630e+000
 7.00000000e+001 6.11321459e+003 6.13425926e+000
 7.10000000e+001 6.01430511e+003 7.29166667e+000
 7.20000000e+001 6.03352778e+003 7.29166667e+000
 7.30000000e+001 6.31827336e+003 5.32407407e+000
 7.40000000e+001 6.33876112e+003 5.20833333e+000
 7.50000000e+001 6.31479719e+003 5.09259259e+000
 7.60000000e+001 6.55959008e+003 6.13425926e+000
 7.70000000e+001 6.55831583e+003 6.01851852e+000
 7.80000000e+001 6.38362637e+003 7.63888889e+000
 7.90000000e+001 6.66021395e+003 6.36574074e+000
 8.00000000e+001 6.66345000e+003 6.36574074e+000
 8.10000000e+001 6.94206914e+003 4.51388889e+000
 8.20000000e+001 6.86294580e+003 5.20833333e+000
 8.30000000e+001 6.68535743e+003 4.62962963e+000
 8.40000000e+001 6.68524074e+003 4.62962963e+000
 8.50000000e+001 6.66497873e+003 4.74537037e+000
 8.60000000e+001 6.67400207e+003 4.74537037e+000
 8.70000000e+001 6.96943801e+003 4.74537037e+000
 8.80000000e+001 6.94859432e+003 5.32407407e+000
 8.90000000e+001 6.93066588e+003 5.32407407e+000
 9.00000000e+001 6.91060833e+003 4.86111111e+000
 9.10000000e+001 6.89272657e+003 4.86111111e+000
 9.20000000e+001 6.87128329e+003 4.86111111e+000
 9.30000000e+001 6.84721505e+003 4.86111111e+000
 9.40000000e+001 7.02378116e+003 4.51388889e+000
 9.50000000e+001 7.01859352e+003 4.39814815e+000
 9.60000000e+001 7.02591667e+003 5.55555556e+000
 9.70000000e+001 7.41419950e+003 3.35648148e+000
 9.80000000e+001 7.41150860e+003 3.81944444e+000
 9.90000000e+001 7.42172461e+003 3.58796296e+000
 1.00000000e+002 7.42340098e+003 3.58796296e+000
