 2.00000000e+000 1.00000000e-002 5.86915920e+004 2.31481481e-001
 3.00000000e+000 1.00000000e-002 5.81683911e+004 6.94444444e-001
 4.00000000e+000 1.00000000e-002 5.89931106e+004 4.62962963e-001
 5.00000000e+000 1.00000000e-002 6.02637069e+004 6.94444444e-001
 6.00000000e+000 1.00000000e-002 5.79321558e+004 1.04166667e+000
 7.00000000e+000 1.00000000e-002 5.89946196e+004 3.47222222e-001
 8.00000000e+000 1.00000000e-002 5.92929246e+004 2.31481481e-001
 9.00000000e+000 1.00000000e-002 6.03177919e+004 4.62962963e-001
 1.00000000e+001 1.00000000e-002 6.02954766e+004 5.78703704e-001
 1.10000000e+001 1.00000000e-002 5.93138751e+004 6.94444444e-001
 1.20000000e+001 1.00000000e-002 5.89232293e+004 3.47222222e-001
 1.30000000e+001 1.00000000e-002 6.05472247e+004 2.31481481e-001
 1.40000000e+001 1.00000000e-002 5.99506007e+004 1.15740741e-001
 1.50000000e+001 1.00000000e-002 5.92643700e+004 2.31481481e-001
 1.60000000e+001 1.00000000e-002 5.91821771e+004 3.47222222e-001
 1.70000000e+001 1.00000000e-002 5.86422495e+004 0.00000000e+000
 1.80000000e+001 1.00000000e-002 5.89996292e+004 2.31481481e-001
 1.90000000e+001 1.00000000e-002 5.84847055e+004 4.62962963e-001
 2.00000000e+001 1.00000000e-002 5.96591082e+004 4.62962963e-001
 2.10000000e+001 1.00000000e-002 5.92381065e+004 2.31481481e-001
 2.20000000e+001 1.00000000e-002 5.95330694e+004 2.31481481e-001
 2.30000000e+001 1.00000000e-002 6.08496678e+004 8.10185185e-001
 2.40000000e+001 1.00000000e-002 5.95677058e+004 2.31481481e-001
 2.50000000e+001 1.00000000e-002 6.03393246e+004 3.47222222e-001
 2.60000000e+001 1.00000000e-002 5.83552013e+004 3.47222222e-001
 2.70000000e+001 1.00000000e-002 5.83006645e+004 0.00000000e+000
 2.80000000e+001 1.00000000e-002 5.92801349e+004 3.47222222e-001
 2.90000000e+001 1.00000000e-002 6.03697581e+004 2.31481481e-001
 3.00000000e+001 1.00000000e-002 6.08430231e+004 4.62962963e-001
 3.10000000e+001 1.00000000e-002 6.03063818e+004 1.15740741e-001
 3.20000000e+001 1.00000000e-002 6.04047890e+004 3.47222222e-001
 3.30000000e+001 1.00000000e-002 6.11003137e+004 1.15740741e-001
 3.40000000e+001 1.00000000e-002 5.97562157e+004 3.47222222e-001
 3.50000000e+001 1.00000000e-002 6.01500873e+004 1.15740741e-001
 3.60000000e+001 1.00000000e-002 5.98232815e+004 4.62962963e-001
 3.70000000e+001 1.00000000e-002 5.95290866e+004 4.62962963e-001
 3.80000000e+001 1.00000000e-002 6.08185474e+004 4.62962963e-001
 3.90000000e+001 1.00000000e-002 5.96042257e+004 4.62962963e-001
 4.00000000e+001 1.00000000e-002 6.09939343e+004 2.31481481e-001
 4.10000000e+001 1.00000000e-002 6.03724375e+004 1.15740741e-001
 4.20000000e+001 1.00000000e-002 6.10645748e+004 3.47222222e-001
 4.30000000e+001 1.00000000e-002 6.02085689e+004 6.94444444e-001
 4.40000000e+001 1.00000000e-002 5.98908510e+004 5.78703704e-001
 4.50000000e+001 1.00000000e-002 5.93119863e+004 1.15740741e-001
 4.60000000e+001 1.00000000e-002 6.17757727e+004 2.31481481e-001
 4.70000000e+001 1.00000000e-002 5.98943003e+004 1.15740741e-001
 4.80000000e+001 1.00000000e-002 6.05640192e+004 3.47222222e-001
 4.90000000e+001 1.00000000e-002 5.98574898e+004 4.62962963e-001
 5.00000000e+001 1.00000000e-002 6.10828249e+004 1.15740741e-001
 5.10000000e+001 1.00000000e-002 5.96762320e+004 3.47222222e-001
 5.20000000e+001 1.00000000e-002 5.95791024e+004 3.47222222e-001
 5.30000000e+001 1.00000000e-002 5.95308826e+004 8.10185185e-001
 5.40000000e+001 1.00000000e-002 6.03501226e+004 3.47222222e-001
 5.50000000e+001 1.00000000e-002 6.01384582e+004 4.62962963e-001
 5.60000000e+001 1.00000000e-002 6.06751380e+004 2.31481481e-001
 5.70000000e+001 1.00000000e-002 5.92520460e+004 2.31481481e-001
 5.80000000e+001 1.00000000e-002 6.23655240e+004 1.15740741e-001
 5.90000000e+001 1.00000000e-002 6.12271327e+004 5.78703704e-001
 6.00000000e+001 1.00000000e-002 6.07958429e+004 3.47222222e-001
 6.10000000e+001 1.00000000e-002 6.27130730e+004 2.31481481e-001
 6.20000000e+001 1.00000000e-002 6.18544446e+004 1.15740741e-001
 6.30000000e+001 1.00000000e-002 6.10110808e+004 5.78703704e-001
 6.40000000e+001 1.00000000e-002 5.98253013e+004 2.31481481e-001
 6.50000000e+001 1.00000000e-002 6.06167807e+004 4.62962963e-001
 6.60000000e+001 1.00000000e-002 6.02083867e+004 2.31481481e-001
 6.70000000e+001 1.00000000e-002 6.23678444e+004 4.62962963e-001
 6.80000000e+001 1.00000000e-002 6.10847600e+004 2.31481481e-001
 6.90000000e+001 1.00000000e-002 6.23737097e+004 1.15740741e-001
 7.00000000e+001 1.00000000e-002 6.06101420e+004 2.31481481e-001
 7.10000000e+001 1.00000000e-002 6.03294907e+004 2.31481481e-001
 7.20000000e+001 1.00000000e-002 6.08096188e+004 5.78703704e-001
 7.30000000e+001 1.00000000e-002 6.27170340e+004 3.47222222e-001
 7.40000000e+001 1.00000000e-002 6.16422081e+004 3.47222222e-001
 7.50000000e+001 1.00000000e-002 5.94028549e+004 8.10185185e-001
 7.60000000e+001 1.00000000e-002 6.19474742e+004 5.78703704e-001
 7.70000000e+001 1.00000000e-002 6.06694429e+004 1.15740741e-001
 7.80000000e+001 1.00000000e-002 6.11186001e+004 4.62962963e-001
 7.90000000e+001 1.00000000e-002 6.31350001e+004 3.47222222e-001
 8.00000000e+001 1.00000000e-002 6.30537266e+004 1.15740741e-001
 8.10000000e+001 1.00000000e-002 6.00658040e+004 2.31481481e-001
 8.20000000e+001 1.00000000e-002 6.11590231e+004 2.31481481e-001
 8.30000000e+001 1.00000000e-002 6.07536918e+004 3.47222222e-001
 8.40000000e+001 1.00000000e-002 6.05508790e+004 3.47222222e-001
 8.50000000e+001 1.00000000e-002 6.24369064e+004 4.62962963e-001
 8.60000000e+001 1.00000000e-002 6.02973762e+004 5.78703704e-001
 8.70000000e+001 1.00000000e-002 6.17581882e+004 5.78703704e-001
 8.80000000e+001 1.00000000e-002 6.32335915e+004 3.47222222e-001
 8.90000000e+001 1.00000000e-002 6.16977062e+004 2.31481481e-001
 9.00000000e+001 1.00000000e-002 6.06643078e+004 3.47222222e-001
 9.10000000e+001 1.00000000e-002 6.08804694e+004 3.47222222e-001
 9.20000000e+001 1.00000000e-002 6.35456574e+004 3.47222222e-001
 9.30000000e+001 1.00000000e-002 6.13011511e+004 2.31481481e-001
 9.40000000e+001 1.00000000e-002 6.01955499e+004 4.62962963e-001
 9.50000000e+001 1.00000000e-002 6.06658862e+004 3.47222222e-001
 9.60000000e+001 1.00000000e-002 6.12028523e+004 4.62962963e-001
 9.70000000e+001 1.00000000e-002 6.28118285e+004 4.62962963e-001
 9.80000000e+001 1.00000000e-002 6.30334934e+004 1.15740741e-001
 9.90000000e+001 1.00000000e-002 6.28615485e+004 5.78703704e-001
 1.00000000e+002 1.00000000e-002 6.23585712e+004 4.62962963e-001
 2.00000000e+000 1.00000000e-001 5.73348546e+004 4.62962963e-001
 3.00000000e+000 1.00000000e-001 5.75371892e+004 3.47222222e-001
 4.00000000e+000 1.00000000e-001 5.69589879e+004 3.47222222e-001
 5.00000000e+000 1.00000000e-001 5.92618440e+004 4.62962963e-001
 6.00000000e+000 1.00000000e-001 5.80062989e+004 5.78703704e-001
 7.00000000e+000 1.00000000e-001 5.76299545e+004 5.78703704e-001
 8.00000000e+000 1.00000000e-001 5.84922801e+004 1.15740741e-001
 9.00000000e+000 1.00000000e-001 5.77533405e+004 2.31481481e-001
 1.00000000e+001 1.00000000e-001 5.83328617e+004 6.94444444e-001
 1.10000000e+001 1.00000000e-001 5.81324734e+004 3.47222222e-001
 1.20000000e+001 1.00000000e-001 5.69167608e+004 3.47222222e-001
 1.30000000e+001 1.00000000e-001 5.89709231e+004 2.31481481e-001
 1.40000000e+001 1.00000000e-001 5.77828264e+004 2.31481481e-001
 1.50000000e+001 1.00000000e-001 5.98712126e+004 3.47222222e-001
 1.60000000e+001 1.00000000e-001 5.89000034e+004 2.31481481e-001
 1.70000000e+001 1.00000000e-001 5.95766572e+004 4.62962963e-001
 1.80000000e+001 1.00000000e-001 5.82004651e+004 5.78703704e-001
 1.90000000e+001 1.00000000e-001 5.74283707e+004 3.47222222e-001
 2.00000000e+001 1.00000000e-001 5.86171924e+004 6.94444444e-001
 2.10000000e+001 1.00000000e-001 5.84199705e+004 3.47222222e-001
 2.20000000e+001 1.00000000e-001 5.89992993e+004 1.15740741e-001
 2.30000000e+001 1.00000000e-001 5.92877353e+004 1.15740741e-001
 2.40000000e+001 1.00000000e-001 5.92583618e+004 5.78703704e-001
 2.50000000e+001 1.00000000e-001 5.78343985e+004 4.62962963e-001
 2.60000000e+001 1.00000000e-001 5.85530246e+004 1.15740741e-001
 2.70000000e+001 1.00000000e-001 6.06687276e+004 3.47222222e-001
 2.80000000e+001 1.00000000e-001 5.79433203e+004 2.31481481e-001
 2.90000000e+001 1.00000000e-001 5.98306082e+004 3.47222222e-001
 3.00000000e+001 1.00000000e-001 5.86844183e+004 1.15740741e-001
 3.10000000e+001 1.00000000e-001 5.77002979e+004 3.47222222e-001
 3.20000000e+001 1.00000000e-001 5.71484529e+004 2.31481481e-001
 3.30000000e+001 1.00000000e-001 5.94949357e+004 2.31481481e-001
 3.40000000e+001 1.00000000e-001 5.99435598e+004 2.31481481e-001
 3.50000000e+001 1.00000000e-001 6.00036304e+004 1.15740741e-001
 3.60000000e+001 1.00000000e-001 5.64400013e+004 5.78703704e-001
 3.70000000e+001 1.00000000e-001 5.76385801e+004 4.62962963e-001
 3.80000000e+001 1.00000000e-001 6.03559409e+004 5.78703704e-001
 3.90000000e+001 1.00000000e-001 5.86429483e+004 2.31481481e-001
 4.00000000e+001 1.00000000e-001 6.06074004e+004 4.62962963e-001
 4.10000000e+001 1.00000000e-001 5.89441750e+004 0.00000000e+000
 4.20000000e+001 1.00000000e-001 5.97188905e+004 0.00000000e+000
 4.30000000e+001 1.00000000e-001 5.90788300e+004 5.78703704e-001
 4.40000000e+001 1.00000000e-001 5.99320492e+004 4.62962963e-001
 4.50000000e+001 1.00000000e-001 5.89164042e+004 1.15740741e-001
 4.60000000e+001 1.00000000e-001 6.11922434e+004 2.31481481e-001
 4.70000000e+001 1.00000000e-001 5.91007127e+004 5.78703704e-001
 4.80000000e+001 1.00000000e-001 5.99861851e+004 6.94444444e-001
 4.90000000e+001 1.00000000e-001 5.92029260e+004 6.94444444e-001
 5.00000000e+001 1.00000000e-001 5.87191294e+004 4.62962963e-001
 5.10000000e+001 1.00000000e-001 5.99869645e+004 8.10185185e-001
 5.20000000e+001 1.00000000e-001 5.94714696e+004 1.15740741e-001
 5.30000000e+001 1.00000000e-001 6.07242518e+004 9.25925926e-001
 5.40000000e+001 1.00000000e-001 5.99545707e+004 6.94444444e-001
 5.50000000e+001 1.00000000e-001 5.97093512e+004 4.62962963e-001
 5.60000000e+001 1.00000000e-001 5.99944394e+004 1.15740741e-001
 5.70000000e+001 1.00000000e-001 5.82555085e+004 3.47222222e-001
 5.80000000e+001 1.00000000e-001 5.98191570e+004 4.62962963e-001
 5.90000000e+001 1.00000000e-001 6.01583329e+004 0.00000000e+000
 6.00000000e+001 1.00000000e-001 6.03769399e+004 3.47222222e-001
 6.10000000e+001 1.00000000e-001 6.13050780e+004 6.94444444e-001
 6.20000000e+001 1.00000000e-001 6.13219770e+004 4.62962963e-001
 6.30000000e+001 1.00000000e-001 5.98699251e+004 4.62962963e-001
 6.40000000e+001 1.00000000e-001 6.07807736e+004 4.62962963e-001
 6.50000000e+001 1.00000000e-001 6.10571963e+004 2.31481481e-001
 6.60000000e+001 1.00000000e-001 6.00557507e+004 2.31481481e-001
 6.70000000e+001 1.00000000e-001 6.03289051e+004 4.62962963e-001
 6.80000000e+001 1.00000000e-001 6.10124345e+004 3.47222222e-001
 6.90000000e+001 1.00000000e-001 5.98745225e+004 5.78703704e-001
 7.00000000e+001 1.00000000e-001 6.13782844e+004 2.31481481e-001
 7.10000000e+001 1.00000000e-001 6.09891132e+004 2.31481481e-001
 7.20000000e+001 1.00000000e-001 5.81076590e+004 5.78703704e-001
 7.30000000e+001 1.00000000e-001 6.03934808e+004 2.31481481e-001
 7.40000000e+001 1.00000000e-001 6.11718252e+004 5.78703704e-001
 7.50000000e+001 1.00000000e-001 5.99151670e+004 2.31481481e-001
 7.60000000e+001 1.00000000e-001 5.99410679e+004 5.78703704e-001
 7.70000000e+001 1.00000000e-001 6.12640287e+004 3.47222222e-001
 7.80000000e+001 1.00000000e-001 5.97957952e+004 5.78703704e-001
 7.90000000e+001 1.00000000e-001 6.24763995e+004 5.78703704e-001
 8.00000000e+001 1.00000000e-001 6.30714706e+004 4.62962963e-001
 8.10000000e+001 1.00000000e-001 6.15899888e+004 1.15740741e-001
 8.20000000e+001 1.00000000e-001 6.05832426e+004 2.31481481e-001
 8.30000000e+001 1.00000000e-001 6.16421216e+004 2.31481481e-001
 8.40000000e+001 1.00000000e-001 6.04813562e+004 5.78703704e-001
 8.50000000e+001 1.00000000e-001 5.91983316e+004 3.47222222e-001
 8.60000000e+001 1.00000000e-001 5.91003403e+004 2.31481481e-001
 8.70000000e+001 1.00000000e-001 6.05602137e+004 8.10185185e-001
 8.80000000e+001 1.00000000e-001 5.93767063e+004 2.31481481e-001
 8.90000000e+001 1.00000000e-001 6.12431651e+004 5.78703704e-001
 9.00000000e+001 1.00000000e-001 6.11133537e+004 1.15740741e-001
 9.10000000e+001 1.00000000e-001 6.11603095e+004 3.47222222e-001
 9.20000000e+001 1.00000000e-001 6.10332925e+004 3.47222222e-001
 9.30000000e+001 1.00000000e-001 6.00827678e+004 4.62962963e-001
 9.40000000e+001 1.00000000e-001 6.08404609e+004 3.47222222e-001
 9.50000000e+001 1.00000000e-001 5.98680766e+004 2.31481481e-001
 9.60000000e+001 1.00000000e-001 5.91461456e+004 4.62962963e-001
 9.70000000e+001 1.00000000e-001 6.22328104e+004 4.62962963e-001
 9.80000000e+001 1.00000000e-001 6.12150451e+004 4.62962963e-001
 9.90000000e+001 1.00000000e-001 6.44005204e+004 1.15740741e-001
 1.00000000e+002 1.00000000e-001 6.05902525e+004 3.47222222e-001
 2.00000000e+000 1.00000000e+000 4.94377192e+004 2.31481481e-001
 3.00000000e+000 1.00000000e+000 4.87783376e+004 4.62962963e-001
 4.00000000e+000 1.00000000e+000 4.92048025e+004 3.47222222e-001
 5.00000000e+000 1.00000000e+000 5.07046701e+004 5.78703704e-001
 6.00000000e+000 1.00000000e+000 5.00776222e+004 5.78703704e-001
 7.00000000e+000 1.00000000e+000 4.89572773e+004 1.15740741e-001
 8.00000000e+000 1.00000000e+000 5.00844475e+004 4.62962963e-001
 9.00000000e+000 1.00000000e+000 4.93655677e+004 4.62962963e-001
 1.00000000e+001 1.00000000e+000 5.00913179e+004 3.47222222e-001
 1.10000000e+001 1.00000000e+000 5.09574881e+004 3.47222222e-001
 1.20000000e+001 1.00000000e+000 5.08031191e+004 2.31481481e-001
 1.30000000e+001 1.00000000e+000 4.89351511e+004 2.31481481e-001
 1.40000000e+001 1.00000000e+000 4.83680522e+004 3.47222222e-001
 1.50000000e+001 1.00000000e+000 5.16226822e+004 5.78703704e-001
 1.60000000e+001 1.00000000e+000 5.00728728e+004 3.47222222e-001
 1.70000000e+001 1.00000000e+000 5.17123441e+004 3.47222222e-001
 1.80000000e+001 1.00000000e+000 5.12976608e+004 3.47222222e-001
 1.90000000e+001 1.00000000e+000 5.05154176e+004 2.31481481e-001
 2.00000000e+001 1.00000000e+000 5.01463714e+004 2.31481481e-001
 2.10000000e+001 1.00000000e+000 4.99473622e+004 2.31481481e-001
 2.20000000e+001 1.00000000e+000 4.99784773e+004 1.15740741e-001
 2.30000000e+001 1.00000000e+000 4.92729247e+004 4.62962963e-001
 2.40000000e+001 1.00000000e+000 5.05333618e+004 1.15740741e-001
 2.50000000e+001 1.00000000e+000 5.22627721e+004 2.31481481e-001
 2.60000000e+001 1.00000000e+000 5.04800607e+004 4.62962963e-001
 2.70000000e+001 1.00000000e+000 5.09494863e+004 4.62962963e-001
 2.80000000e+001 1.00000000e+000 5.02283368e+004 1.15740741e-001
 2.90000000e+001 1.00000000e+000 4.98879278e+004 3.47222222e-001
 3.00000000e+001 1.00000000e+000 5.11476140e+004 1.15740741e-001
 3.10000000e+001 1.00000000e+000 5.09666788e+004 3.47222222e-001
 3.20000000e+001 1.00000000e+000 5.00709648e+004 2.31481481e-001
 3.30000000e+001 1.00000000e+000 4.96600324e+004 3.47222222e-001
 3.40000000e+001 1.00000000e+000 5.08245959e+004 3.47222222e-001
 3.50000000e+001 1.00000000e+000 5.01687928e+004 4.62962963e-001
 3.60000000e+001 1.00000000e+000 5.26398114e+004 5.78703704e-001
 3.70000000e+001 1.00000000e+000 5.05194361e+004 3.47222222e-001
 3.80000000e+001 1.00000000e+000 5.18078364e+004 2.31481481e-001
 3.90000000e+001 1.00000000e+000 4.91045277e+004 2.31481481e-001
 4.00000000e+001 1.00000000e+000 5.18657591e+004 5.78703704e-001
 4.10000000e+001 1.00000000e+000 4.96668904e+004 6.94444444e-001
 4.20000000e+001 1.00000000e+000 5.13394837e+004 5.78703704e-001
 4.30000000e+001 1.00000000e+000 4.99275744e+004 4.62962963e-001
 4.40000000e+001 1.00000000e+000 5.10365211e+004 1.15740741e-001
 4.50000000e+001 1.00000000e+000 5.05930606e+004 4.62962963e-001
 4.60000000e+001 1.00000000e+000 5.16636615e+004 3.47222222e-001
 4.70000000e+001 1.00000000e+000 5.13601530e+004 2.31481481e-001
 4.80000000e+001 1.00000000e+000 4.98930726e+004 2.31481481e-001
 4.90000000e+001 1.00000000e+000 5.19619598e+004 4.62962963e-001
 5.00000000e+001 1.00000000e+000 5.03726484e+004 4.62962963e-001
 5.10000000e+001 1.00000000e+000 5.11129956e+004 2.31481481e-001
 5.20000000e+001 1.00000000e+000 5.08748722e+004 2.31481481e-001
 5.30000000e+001 1.00000000e+000 5.06910575e+004 4.62962963e-001
 5.40000000e+001 1.00000000e+000 4.99644434e+004 3.47222222e-001
 5.50000000e+001 1.00000000e+000 4.92339560e+004 4.62962963e-001
 5.60000000e+001 1.00000000e+000 5.15438242e+004 2.31481481e-001
 5.70000000e+001 1.00000000e+000 5.14458760e+004 5.78703704e-001
 5.80000000e+001 1.00000000e+000 5.15883363e+004 4.62962963e-001
 5.90000000e+001 1.00000000e+000 5.13175021e+004 1.15740741e-001
 6.00000000e+001 1.00000000e+000 5.06955280e+004 0.00000000e+000
 6.10000000e+001 1.00000000e+000 5.11318603e+004 3.47222222e-001
 6.20000000e+001 1.00000000e+000 5.28529232e+004 0.00000000e+000
 6.30000000e+001 1.00000000e+000 5.33126276e+004 5.78703704e-001
 6.40000000e+001 1.00000000e+000 5.14436369e+004 4.62962963e-001
 6.50000000e+001 1.00000000e+000 5.09867015e+004 3.47222222e-001
 6.60000000e+001 1.00000000e+000 5.21215540e+004 2.31481481e-001
 6.70000000e+001 1.00000000e+000 5.12107055e+004 3.47222222e-001
 6.80000000e+001 1.00000000e+000 4.99928591e+004 4.62962963e-001
 6.90000000e+001 1.00000000e+000 5.15091804e+004 2.31481481e-001
 7.00000000e+001 1.00000000e+000 5.13750878e+004 3.47222222e-001
 7.10000000e+001 1.00000000e+000 5.15376803e+004 2.31481481e-001
 7.20000000e+001 1.00000000e+000 5.11749353e+004 3.47222222e-001
 7.30000000e+001 1.00000000e+000 5.32987062e+004 5.78703704e-001
 7.40000000e+001 1.00000000e+000 5.24934411e+004 2.31481481e-001
 7.50000000e+001 1.00000000e+000 5.19128610e+004 8.10185185e-001
 7.60000000e+001 1.00000000e+000 5.20557986e+004 3.47222222e-001
 7.70000000e+001 1.00000000e+000 5.26772950e+004 1.15740741e-001
 7.80000000e+001 1.00000000e+000 5.13580734e+004 1.15740741e-001
 7.90000000e+001 1.00000000e+000 5.32992341e+004 3.47222222e-001
 8.00000000e+001 1.00000000e+000 5.21985682e+004 4.62962963e-001
 8.10000000e+001 1.00000000e+000 5.13326612e+004 5.78703704e-001
 8.20000000e+001 1.00000000e+000 5.24601933e+004 4.62962963e-001
 8.30000000e+001 1.00000000e+000 5.23732092e+004 4.62962963e-001
 8.40000000e+001 1.00000000e+000 5.08436307e+004 1.15740741e-001
 8.50000000e+001 1.00000000e+000 5.16841869e+004 4.62962963e-001
 8.60000000e+001 1.00000000e+000 5.06900398e+004 2.31481481e-001
 8.70000000e+001 1.00000000e+000 5.12239872e+004 5.78703704e-001
 8.80000000e+001 1.00000000e+000 5.26724166e+004 5.78703704e-001
 8.90000000e+001 1.00000000e+000 5.17632169e+004 2.31481481e-001
 9.00000000e+001 1.00000000e+000 5.38049335e+004 5.78703704e-001
 9.10000000e+001 1.00000000e+000 5.27269961e+004 6.94444444e-001
 9.20000000e+001 1.00000000e+000 5.10946328e+004 1.15740741e-001
 9.30000000e+001 1.00000000e+000 5.23022121e+004 4.62962963e-001
 9.40000000e+001 1.00000000e+000 5.05483751e+004 5.78703704e-001
 9.50000000e+001 1.00000000e+000 5.19845315e+004 4.62962963e-001
 9.60000000e+001 1.00000000e+000 5.25854923e+004 3.47222222e-001
 9.70000000e+001 1.00000000e+000 5.48176879e+004 8.10185185e-001
 9.80000000e+001 1.00000000e+000 5.31525574e+004 2.31481481e-001
 9.90000000e+001 1.00000000e+000 5.22489413e+004 4.62962963e-001
 1.00000000e+002 1.00000000e+000 5.33874032e+004 2.31481481e-001
 2.00000000e+000 1.00000000e+001 1.33358010e+004 1.85185185e+000
 3.00000000e+000 1.00000000e+001 1.37117082e+004 1.50462963e+000
 4.00000000e+000 1.00000000e+001 1.47564533e+004 1.62037037e+000
 5.00000000e+000 1.00000000e+001 1.48355785e+004 1.73611111e+000
 6.00000000e+000 1.00000000e+001 1.49632386e+004 2.08333333e+000
 7.00000000e+000 1.00000000e+001 1.54127941e+004 1.38888889e+000
 8.00000000e+000 1.00000000e+001 1.56594044e+004 1.38888889e+000
 9.00000000e+000 1.00000000e+001 1.50400316e+004 1.38888889e+000
 1.00000000e+001 1.00000000e+001 1.53328877e+004 1.15740741e+000
 1.10000000e+001 1.00000000e+001 1.58923414e+004 1.38888889e+000
 1.20000000e+001 1.00000000e+001 1.50941001e+004 9.25925926e-001
 1.30000000e+001 1.00000000e+001 1.55730951e+004 2.19907407e+000
 1.40000000e+001 1.00000000e+001 1.53143473e+004 1.15740741e+000
 1.50000000e+001 1.00000000e+001 1.57445645e+004 8.10185185e-001
 1.60000000e+001 1.00000000e+001 1.56591959e+004 4.62962963e-001
 1.70000000e+001 1.00000000e+001 1.54348593e+004 8.10185185e-001
 1.80000000e+001 1.00000000e+001 1.56068139e+004 1.27314815e+000
 1.90000000e+001 1.00000000e+001 1.53759724e+004 1.85185185e+000
 2.00000000e+001 1.00000000e+001 1.57689445e+004 8.10185185e-001
 2.10000000e+001 1.00000000e+001 1.51071561e+004 1.73611111e+000
 2.20000000e+001 1.00000000e+001 1.56758498e+004 9.25925926e-001
 2.30000000e+001 1.00000000e+001 1.54460907e+004 1.04166667e+000
 2.40000000e+001 1.00000000e+001 1.56203426e+004 5.78703704e-001
 2.50000000e+001 1.00000000e+001 1.56546823e+004 1.04166667e+000
 2.60000000e+001 1.00000000e+001 1.51878687e+004 8.10185185e-001
 2.70000000e+001 1.00000000e+001 1.52111675e+004 1.04166667e+000
 2.80000000e+001 1.00000000e+001 1.59066226e+004 6.94444444e-001
 2.90000000e+001 1.00000000e+001 1.57871596e+004 8.10185185e-001
 3.00000000e+001 1.00000000e+001 1.60859832e+004 1.04166667e+000
 3.10000000e+001 1.00000000e+001 1.55260968e+004 8.10185185e-001
 3.20000000e+001 1.00000000e+001 1.61079836e+004 1.04166667e+000
 3.30000000e+001 1.00000000e+001 1.58712277e+004 1.50462963e+000
 3.40000000e+001 1.00000000e+001 1.58595311e+004 1.38888889e+000
 3.50000000e+001 1.00000000e+001 1.57885824e+004 1.04166667e+000
 3.60000000e+001 1.00000000e+001 1.53079620e+004 1.04166667e+000
 3.70000000e+001 1.00000000e+001 1.62407074e+004 9.25925926e-001
 3.80000000e+001 1.00000000e+001 1.62668479e+004 1.04166667e+000
 3.90000000e+001 1.00000000e+001 1.57497961e+004 1.62037037e+000
 4.00000000e+001 1.00000000e+001 1.60788490e+004 1.15740741e+000
 4.10000000e+001 1.00000000e+001 1.57207793e+004 1.27314815e+000
 4.20000000e+001 1.00000000e+001 1.62244195e+004 1.15740741e+000
 4.30000000e+001 1.00000000e+001 1.61694814e+004 9.25925926e-001
 4.40000000e+001 1.00000000e+001 1.63729654e+004 8.10185185e-001
 4.50000000e+001 1.00000000e+001 1.56452679e+004 9.25925926e-001
 4.60000000e+001 1.00000000e+001 1.60031993e+004 6.94444444e-001
 4.70000000e+001 1.00000000e+001 1.55773716e+004 8.10185185e-001
 4.80000000e+001 1.00000000e+001 1.59256261e+004 6.94444444e-001
 4.90000000e+001 1.00000000e+001 1.59517437e+004 1.27314815e+000
 5.00000000e+001 1.00000000e+001 1.58451741e+004 1.04166667e+000
 5.10000000e+001 1.00000000e+001 1.62370555e+004 1.15740741e+000
 5.20000000e+001 1.00000000e+001 1.60386618e+004 8.10185185e-001
 5.30000000e+001 1.00000000e+001 1.63681831e+004 1.38888889e+000
 5.40000000e+001 1.00000000e+001 1.60240972e+004 1.15740741e+000
 5.50000000e+001 1.00000000e+001 1.58386461e+004 1.38888889e+000
 5.60000000e+001 1.00000000e+001 1.60326264e+004 1.04166667e+000
 5.70000000e+001 1.00000000e+001 1.59191865e+004 1.15740741e+000
 5.80000000e+001 1.00000000e+001 1.60532112e+004 1.73611111e+000
 5.90000000e+001 1.00000000e+001 1.61782558e+004 1.85185185e+000
 6.00000000e+001 1.00000000e+001 1.63381746e+004 1.15740741e+000
 6.10000000e+001 1.00000000e+001 1.57170925e+004 1.15740741e+000
 6.20000000e+001 1.00000000e+001 1.60867916e+004 5.78703704e-001
 6.30000000e+001 1.00000000e+001 1.60208549e+004 1.73611111e+000
 6.40000000e+001 1.00000000e+001 1.64225046e+004 9.25925926e-001
 6.50000000e+001 1.00000000e+001 1.59564096e+004 1.27314815e+000
 6.60000000e+001 1.00000000e+001 1.59825200e+004 1.27314815e+000
 6.70000000e+001 1.00000000e+001 1.67455713e+004 1.04166667e+000
 6.80000000e+001 1.00000000e+001 1.62604271e+004 5.78703704e-001
 6.90000000e+001 1.00000000e+001 1.62726556e+004 9.25925926e-001
 7.00000000e+001 1.00000000e+001 1.60043788e+004 1.27314815e+000
 7.10000000e+001 1.00000000e+001 1.62015018e+004 1.27314815e+000
 7.20000000e+001 1.00000000e+001 1.60334295e+004 1.96759259e+000
 7.30000000e+001 1.00000000e+001 1.61348489e+004 1.04166667e+000
 7.40000000e+001 1.00000000e+001 1.65819090e+004 8.10185185e-001
 7.50000000e+001 1.00000000e+001 1.61602119e+004 1.38888889e+000
 7.60000000e+001 1.00000000e+001 1.60919098e+004 6.94444444e-001
 7.70000000e+001 1.00000000e+001 1.60839411e+004 1.27314815e+000
 7.80000000e+001 1.00000000e+001 1.59404509e+004 1.15740741e+000
 7.90000000e+001 1.00000000e+001 1.60207609e+004 1.15740741e+000
 8.00000000e+001 1.00000000e+001 1.66478826e+004 8.10185185e-001
 8.10000000e+001 1.00000000e+001 1.62906305e+004 8.10185185e-001
 8.20000000e+001 1.00000000e+001 1.61351063e+004 1.15740741e+000
 8.30000000e+001 1.00000000e+001 1.66338629e+004 1.15740741e+000
 8.40000000e+001 1.00000000e+001 1.60941083e+004 1.27314815e+000
 8.50000000e+001 1.00000000e+001 1.63176760e+004 1.27314815e+000
 8.60000000e+001 1.00000000e+001 1.59541645e+004 6.94444444e-001
 8.70000000e+001 1.00000000e+001 1.65505815e+004 1.38888889e+000
 8.80000000e+001 1.00000000e+001 1.65546537e+004 4.62962963e-001
 8.90000000e+001 1.00000000e+001 1.64942498e+004 8.10185185e-001
 9.00000000e+001 1.00000000e+001 1.67979342e+004 5.78703704e-001
 9.10000000e+001 1.00000000e+001 1.66024718e+004 6.94444444e-001
 9.20000000e+001 1.00000000e+001 1.66676147e+004 1.04166667e+000
 9.30000000e+001 1.00000000e+001 1.66734966e+004 1.27314815e+000
 9.40000000e+001 1.00000000e+001 1.61033470e+004 1.04166667e+000
 9.50000000e+001 1.00000000e+001 1.60975376e+004 5.78703704e-001
 9.60000000e+001 1.00000000e+001 1.66237325e+004 5.78703704e-001
 9.70000000e+001 1.00000000e+001 1.66547322e+004 1.15740741e+000
 9.80000000e+001 1.00000000e+001 1.68398168e+004 5.78703704e-001
 9.90000000e+001 1.00000000e+001 1.63006232e+004 1.15740741e+000
 1.00000000e+002 1.00000000e+001 1.66588841e+004 4.62962963e-001
